1.000000000000000048e-04 4.109007037730050342e+02
1.011591112223829728e-04 4.154953946547162786e+02
1.023316578330244966e-04 4.201414633610568785e+02
1.035177955630176228e-04 4.248394843987630907e+02
1.047176819485520245e-04 4.295900386987047455e+02
1.059314763518370031e-04 4.343937136877194121e+02
1.071593399822671198e-04 4.392511033612506139e+02
1.084014359178331018e-04 4.441628083567974272e+02
1.096579291267809898e-04 4.491294360281864328e+02
1.109289864895222780e-04 4.541516005206738100e+02
1.122147768207980290e-04 4.592299228468863816e+02
1.135154708920999033e-04 4.643650309636133215e+02
1.148312414543511137e-04 4.695575598494551741e+02
1.161622632608501891e-04 4.748081515833422372e+02
1.175087130904807617e-04 4.801174554239298118e+02
1.188707697711903309e-04 4.854861278898825390e+02
1.202486142037412301e-04 4.909148328410555564e+02
1.216424293857368039e-04 4.964042415605832161e+02
1.230524004359261579e-04 5.019550328378870745e+02
1.244787146187906256e-04 5.075678930526104864e+02
1.259215613694150942e-04 5.132435162594924805e+02
1.273811323186478520e-04 5.189826042741912033e+02
1.288576213185518003e-04 5.247858667600659146e+02
1.303512244681508938e-04 5.306540213159303221e+02
1.318621401394748458e-04 5.365877935647863524e+02
1.333905690039058638e-04 5.425879172435516011e+02
1.349367140588306430e-04 5.486551342937880236e+02
1.365007806546013845e-04 5.547901949534464165e+02
1.380829765218092263e-04 5.609938578496374930e+02
1.396835117988739626e-04 5.672668900924386435e+02
1.413025990599533599e-04 5.736100673697507091e+02
1.429404533431761061e-04 5.800241740432149982e+02
1.445972921792019463e-04 5.865100032452031655e+02
1.462733356201129868e-04 5.930683569768918915e+02
1.479688062686396383e-04 5.997000462074329334e+02
1.496839293077255632e-04 6.064058909742342394e+02
1.514189325304352018e-04 6.131867204843597392e+02
1.531740463702079740e-04 6.200433732170654366e+02
1.549495039314631646e-04 6.269766970274812365e+02
1.567455410205595065e-04 6.339875492514506732e+02
1.585623961771137158e-04 6.410767968115458189e+02
1.604003107056819902e-04 6.482453163242646497e+02
1.622595287078087002e-04 6.554939942084293989e+02
1.641402971144466361e-04 6.628237267947961300e+02
1.660428657187529582e-04 6.702354204368891715e+02
1.679674872092653225e-04 6.777299916230764438e+02
1.699144172034625999e-04 6.853083670898975015e+02
1.718839142817145534e-04 6.929714839366573642e+02
1.738762400216250527e-04 7.007202897413042137e+02
1.758916590327732731e-04 7.085557426776006196e+02
1.779304389918577296e-04 7.164788116336064832e+02
1.799928506782476454e-04 7.244904763314866614e+02
1.820791680099462359e-04 7.325917274486564565e+02
1.841896680799710861e-04 7.407835667402848685e+02
1.863246311931559835e-04 7.490670071631648170e+02
1.884843409033795474e-04 7.574430730009705712e+02
1.906690840512252085e-04 7.659127999909138680e+02
1.928791508020777693e-04 7.744772354518185011e+02
1.951148346846616412e-04 7.831374384136250910e+02
1.973764326300255292e-04 7.918944797483452476e+02
1.996642450109793374e-04 8.007494423024792241e+02
2.019785756819878484e-04 8.097034210309144555e+02
2.043197320195270594e-04 8.187575231323226035e+02
2.066880249629082160e-04 8.279128681860676124e+02
2.090837690555749911e-04 8.371705882906488796e+02
2.115072824868794756e-04 8.465318282036885194e+02
2.139588871343421563e-04 8.559977454834860282e+02
2.164389086064020347e-04 8.655695106321559251e+02
2.189476762856620634e-04 8.752483072403648521e+02
2.214855233726359179e-04 8.850353321336883710e+02
2.240527869300018224e-04 8.949317955206030319e+02
2.266498079273692845e-04 9.049389211421341770e+02
2.292769312865648647e-04 9.150579464231770999e+02
2.319345059274427543e-04 9.252901226255102074e+02
2.346228848142262321e-04 9.356367150025178034e+02
2.373424250023866149e-04 9.460990029556464833e+02
2.400934876860651764e-04 9.566782801926060529e+02
2.428764382460450548e-04 9.673758548873443033e+02
2.456916462982790305e-04 9.781930498418072375e+02
2.485394857429798422e-04 9.891312026495093050e+02
2.514203348142796828e-04 1.000191665860933995e+03
2.543345761304648361e-04 1.011375807150780929e+03
2.572825967447932359e-04 1.022685009487086063e+03
2.602647881969004482e-04 1.034120671302230903e+03
2.632815465648020189e-04 1.045684206665865531e+03
2.663332725174980963e-04 1.057377045459764076e+03
2.694203713681882413e-04 1.069200633554635488e+03
2.725432531281027707e-04 1.081156432988912229e+03
2.757023325609582747e-04 1.093245922149539183e+03
2.788980292380439777e-04 1.105470595954779128e+03
2.821307675939470740e-04 1.117831966039069130e+03
2.854009769829237591e-04 1.130331560939939664e+03
2.887090917359234400e-04 1.142970926287023985e+03
2.920555512182745244e-04 1.155751624993184805e+03
2.954407998880379709e-04 1.168675237447771224e+03
2.988652873550382482e-04 1.181743361712044816e+03
3.023294684405776131e-04 1.194957613716783953e+03
3.058338032378431388e-04 1.208319627462102289e+03
3.093787571730136510e-04 1.221831055219500058e+03
3.129648010670750265e-04 1.235493567736173873e+03
3.165924111983520412e-04 1.249308854441612084e+03
3.202620693657650080e-04 1.263278623656500486e+03
3.239742629528195514e-04 1.277404602803963144e+03
3.277294849923381931e-04 1.291688538623167233e+03
3.315282342319423150e-04 1.306132197385313020e+03
3.353710152002928996e-04 1.320737365112042426e+03
3.392583382740992125e-04 1.335505847796287298e+03
3.431907197459042598e-04 1.350439471625589704e+03
3.471686818926559680e-04 1.365540083207916723e+03
3.511927530450727588e-04 1.380809549800003424e+03
3.552634676578139260e-04 1.396249759538244007e+03
3.593813663804625697e-04 1.411862621672172054e+03
3.635469961293317630e-04 1.427650066800544664e+03
3.677609101601030626e-04 1.443614047110071624e+03
3.720236681413065759e-04 1.459756536616809399e+03
3.763358362286532656e-04 1.476079531410259733e+03
3.806979871402283821e-04 1.492585049900191279e+03
3.851107002325568655e-04 1.509275133066229500e+03
3.895745615775500948e-04 1.526151844710227806e+03
3.940901640403447737e-04 1.543217271711469266e+03
3.986581073580438726e-04 1.560473524284716405e+03
4.032789982193705223e-04 1.577922736241149778e+03
4.079534503452448896e-04 1.595567065252222164e+03
4.126820845702952015e-04 1.613408693116464519e+03
4.174655289253134888e-04 1.631449826029274618e+03
4.223044187206672164e-04 1.649692694855722493e+03
4.271993966306776428e-04 1.668139555406408363e+03
4.321511127789761839e-04 1.686792688716401244e+03
4.371602248248502198e-04 1.705654401327300093e+03
4.422273980505897289e-04 1.724727025572447928e+03
4.473533054498462949e-04 1.744012919865333970e+03
4.525386278170166862e-04 1.763514468991223794e+03
4.577840538376616304e-04 1.783234084402045937e+03
4.630902801799736631e-04 1.803174204514580879e+03
4.684580115873045137e-04 1.823337295011980132e+03
4.738879609717650920e-04 1.843725849148659790e+03
4.793808495089107069e-04 1.864342388058601728e+03
4.849374067335233355e-04 1.885189461067103821e+03
4.905583706365045484e-04 1.906269646006013772e+03
4.962444877628913436e-04 1.927585549532490404e+03
5.019965133110079530e-04 1.949139807451328579e+03
5.078152112327670659e-04 1.970935085040885724e+03
5.137013543351339135e-04 1.992974077382658379e+03
5.196557243827657369e-04 2.015259509694538110e+03
5.256791122018419265e-04 2.037794137667798395e+03
5.317723177850966487e-04 2.060580747807845910e+03
5.379361503980697925e-04 2.083622157778788733e+03
5.441714286865887004e-04 2.106921216751844895e+03
5.504789807854967333e-04 2.130480805757664257e+03
5.568596444286409188e-04 2.154303838042572352e+03
5.633142670601351629e-04 2.178393259428810325e+03
5.698437059469136636e-04 2.202752048678799838e+03
5.764488282925873171e-04 2.227383217863475693e+03
5.831305113526218760e-04 2.252289812734745738e+03
5.898896425508493501e-04 2.277474913102109895e+03
5.967271195973310833e-04 2.302941633213490604e+03
6.036438506075863814e-04 2.328693122140325158e+03
6.106407542232036075e-04 2.354732564166962675e+03
6.177187597338488134e-04 2.381063179184414366e+03
6.248788072006888211e-04 2.407688223088502582e+03
6.321218475812448011e-04 2.434610988182474102e+03
6.394488428556943443e-04 2.461834803584106794e+03
6.468607661546327617e-04 2.489363035637357370e+03
6.543586018883235361e-04 2.517199088328643938e+03
6.619433458774394430e-04 2.545346403707750596e+03
6.696160054853222054e-04 2.573808462313455038e+03
6.773775997517752102e-04 2.602588783603914635e+03
6.852291595284064167e-04 2.631690926391859193e+03
6.931717276155407569e-04 2.661118489284657244e+03
7.012063589007183975e-04 2.690875111129296329e+03
7.093341204987996815e-04 2.720964471462345955e+03
7.175560918936927952e-04 2.751390290964944597e+03
7.258733650817253023e-04 2.782156331922882600e+03
7.342870447166765678e-04 2.813266398691819631e+03
7.427982482564917787e-04 2.844724338167714450e+03
7.514081061116969704e-04 2.876534040262511098e+03
7.601177617955330547e-04 2.908699438385137910e+03
7.689283720758312941e-04 2.941224509927896179e+03
7.778411071286489781e-04 2.974113276758281245e+03
7.868571506936851423e-04 3.007369805716301471e+03
7.959777002314985571e-04 3.040998209117362421e+03
8.052039670825478267e-04 3.075002645260773534e+03
8.145371766280745229e-04 3.109387318943939135e+03
8.239785684528520143e-04 3.144156481982298374e+03
8.335293965098195066e-04 3.179314433735085004e+03
8.431909292866259040e-04 3.214865521636958420e+03
8.529644499741025759e-04 3.250814141735583689e+03
8.628512566366895297e-04 3.287164739235221532e+03
8.728526623848379762e-04 3.323921809046400540e+03
8.829699955494092365e-04 3.361089896341728490e+03
8.932045998580968784e-04 3.398673597117925055e+03
9.035578346138930074e-04 3.436677558764136847e+03
9.140310748756232161e-04 3.475106480636605738e+03
9.246257116405742597e-04 3.513965114639767307e+03
9.353431520292386373e-04 3.553258265813843082e+03
9.461848194722001460e-04 3.592990792929004783e+03
9.571521538991865398e-04 3.633167609086184257e+03
9.682466119303123836e-04 3.673793682324595920e+03
9.794696670695395360e-04 3.714874036236061329e+03
9.908228099003797609e-04 3.756413750586195874e+03
1.002307548283865382e-03 3.798129890323794825e+03
1.013925407558815411e-03 3.839128987957032223e+03
1.025677930744421868e-03 3.880544281663599122e+03
1.037566678745185890e-03 3.922379224328861255e+03
1.049593230558227598e-03 3.964637282245961615e+03
1.061759183483000071e-03 4.007321934857865472e+03
1.074066153333433447e-03 4.050436674491998019e+03
1.086515774652538433e-03 4.093985006087433703e+03
1.099109700929497193e-03 4.137970446884030935e+03
1.111849604819271095e-03 4.182396515981595257e+03
1.124737178364752007e-03 4.227266718646033951e+03
1.137774133221491381e-03 4.272584566250519856e+03
1.150962200885032299e-03 4.318353579575935328e+03
1.164303132920876775e-03 4.364577290710460147e+03
1.177798701197119331e-03 4.411259246369254470e+03
1.191450698119775895e-03 4.458403002839505461e+03
1.205260936870842505e-03 4.506012124707126532e+03
1.219231251649110712e-03 4.554090185183718859e+03
1.233363497913775872e-03 4.602640766963327223e+03
1.247659552630869806e-03 4.651667460283006221e+03
1.262121314522547276e-03 4.701173862187997656e+03
1.276750704319265777e-03 4.751163567560834963e+03
1.291549665014883998e-03 4.801640152611173107e+03
1.306520162124721234e-03 4.852607193397122501e+03
1.321664183946605082e-03 4.904068269409898676e+03
1.336983741824946661e-03 4.956026937902779537e+03
1.352480870417875451e-03 5.008486682634930730e+03
1.368157627967471913e-03 5.061450971190997734e+03
1.384016096573131502e-03 5.114923267601170664e+03
1.400058382468097589e-03 5.168907027239388299e+03
1.416286616299198848e-03 5.223405686560193317e+03
1.432702953409831009e-03 5.278422672990368483e+03
1.449309574126216591e-03 5.333961406791162517e+03
1.466108684046984459e-03 5.390025300895883447e+03
1.483102514336104337e-03 5.446617761476240048e+03
1.500293322019218348e-03 5.503742185792586497e+03
1.517683390283405343e-03 5.561401961068047967e+03
1.535275028780422714e-03 5.619600465060045281e+03
1.553070573933460147e-03 5.678341068599964274e+03
1.571072389247450424e-03 5.737627131350027412e+03
1.589282865622978049e-03 5.797462000044210072e+03
1.607704421673823627e-03 5.857848997423888250e+03
1.626339504048192157e-03 5.918791394408806809e+03
1.645190587753662514e-03 5.980292436251475010e+03
1.664260176485903671e-03 6.042355349551916333e+03
1.683550802961202323e-03 6.104983309856105734e+03
1.703065029252844422e-03 6.168179352204032512e+03
1.722805447131393972e-03 6.231946455947773757e+03
1.742774678408919205e-03 6.296287570453690932e+03
1.762975375287205784e-03 6.361205607727263668e+03
1.783410220710008025e-03 6.426703422588570902e+03
1.804081928719382779e-03 6.492783829005396001e+03
1.824993244816152391e-03 6.559449604705718230e+03
1.846146946324547485e-03 6.626703491306165233e+03
1.867545842761075955e-03 6.694548197443283243e+03
1.889192776207666326e-03 6.762986393496831624e+03
1.911090621689137941e-03 6.832020708878447294e+03
1.933242287555045260e-03 6.901653731187402627e+03
1.955650715865949168e-03 6.971888006450759349e+03
1.978318882784164089e-03 7.042726036417021533e+03
2.001249798969036847e-03 7.114170276687124897e+03
2.024446509976803900e-03 7.186223125489246740e+03
2.047912096665085481e-03 7.258886886662340657e+03
2.071649675602069141e-03 7.332163798654654784e+03
2.095662399480432980e-03 7.406056045437017019e+03
2.119953457536071038e-03 7.480565726771534173e+03
2.144526075971667656e-03 7.555694748238964166e+03
2.169383518385184159e-03 7.631444909232414830e+03
2.194529086203313769e-03 7.707817940302729767e+03
2.219966119119954652e-03 7.784815496720704687e+03
2.245697995539773940e-03 7.862439137433237192e+03
2.271728133026905232e-03 7.940690338744312612e+03
2.298059988758851136e-03 8.019570499745006600e+03
2.324697059985648094e-03 8.099080941549995259e+03
2.351642884494348565e-03 8.179222909934323980e+03
2.378901041078893431e-03 8.259997570089781220e+03
2.406475150015424062e-03 8.341406003080415758e+03
2.434368873543110365e-03 8.423449204360464137e+03
2.462585916350546866e-03 8.506128083565094130e+03
2.491130026067788373e-03 8.589443461426821159e+03
2.520004993764092018e-03 8.673396067245776067e+03
2.549214654451422910e-03 8.757986528741235816e+03
2.578762887593801043e-03 8.843215329872418806e+03
2.608653617622547997e-03 8.929082837832231235e+03
2.638890814457510187e-03 9.015589317850264706e+03
2.669478494034320699e-03 9.102734909136441274e+03
2.700420718837772543e-03 9.190519508618286636e+03
2.731721598441376204e-03 9.278942847872267521e+03
2.763385290053169997e-03 9.368004540328714938e+03
2.795415999067856535e-03 9.457704076194142544e+03
2.827817979625341181e-03 9.548040803750887790e+03
2.860595535175741895e-03 9.639013938181304184e+03
2.893753019050950264e-03 9.730622566795822422e+03
2.927294835042816134e-03 9.822865646695239775e+03
2.961225437988034351e-03 9.915742001604976394e+03
2.995549334359812969e-03 1.000925032030416696e+04
3.030271082866396216e-03 1.010338915488480052e+04
3.065395295056526793e-03 1.019815692065623989e+04
3.100926635931926852e-03 1.029355190689018673e+04
3.136869824566876613e-03 1.038957226673526566e+04
3.173229634734976452e-03 1.048621600880235565e+04
3.210010895543171858e-03 1.058348098176847088e+04
3.247218492073128838e-03 1.068136478582349446e+04
3.284857366030043482e-03 1.077986482086590695e+04
3.322932516398971556e-03 1.087897832748551991e+04
3.361449000108765288e-03 1.097870235503252297e+04
3.400411932703706255e-03 1.107903355172656302e+04
3.439826489022924580e-03 1.117996827778693478e+04
3.479697903887691603e-03 1.128150271082871041e+04
3.520031472796678832e-03 1.138363284073735667e+04
3.560832552629277729e-03 1.148635444242037920e+04
3.602106562357070083e-03 1.158966308657280388e+04
3.643858983763544404e-03 1.169355415071082462e+04
3.686095362172158059e-03 1.179802281694665544e+04
3.728821307182833642e-03 1.190306406981448345e+04
3.772042493416997554e-03 1.200867269390957335e+04
3.815764661271248397e-03 1.211484327154669336e+04
3.859993617679767074e-03 1.222157018281364617e+04
3.904735236885560103e-03 1.232884762239032170e+04
3.949995461220642823e-03 1.243666958841953419e+04
3.995780301895269192e-03 1.254502986936002526e+04
4.042095839796309639e-03 1.265392202661375995e+04
4.088948226294864159e-03 1.276333925845586782e+04
4.136343684063278035e-03 1.287327445720965261e+04
4.184288507901584922e-03 1.298372028771341684e+04
4.232789065573553354e-03 1.309466915418386270e+04
4.281851798652415615e-03 1.320611289750113974e+04
4.331483223376403000e-03 1.331804291716272928e+04
4.381689931514195016e-03 1.343045035662711234e+04
4.432478591240400501e-03 1.354332610069165821e+04
4.483855948021191196e-03 1.365666074313887111e+04
4.535828825510191016e-03 1.377044459643526898e+04
4.588404126454761513e-03 1.388466770952211482e+04
4.641588833612782412e-03 1.399931986561262420e+04
4.695390010680062544e-03 1.411439057287467404e+04
4.749814803228504315e-03 1.422986906547017134e+04
4.804870439655133628e-03 1.434574430710043998e+04
4.860564232142139222e-03 1.446200499360249705e+04
4.916903577628031589e-03 1.457863959674228317e+04
4.973895958790068052e-03 1.469563634849903610e+04
5.031548945038056761e-03 1.481298320847762443e+04
5.089870193519685330e-03 1.493066783863177625e+04
5.148867450137497269e-03 1.504867731697976342e+04
5.208548550577665401e-03 1.516699821841379162e+04
5.268921421350676766e-03 1.528561681927388236e+04
5.329994080844092930e-03 1.540451905660022749e+04
5.391774640387505396e-03 1.552368995582210300e+04
5.454271305329836186e-03 1.564311377486722813e+04
5.517492376129128420e-03 1.576277443039354330e+04
5.581446249454966556e-03 1.588265550416828228e+04
5.646141419303672866e-03 1.600274020004981321e+04
5.711586478126434545e-03 1.612301135313021950e+04
5.777790117970507157e-03 1.624345146271755402e+04
5.844761131633637551e-03 1.636404269299641965e+04
5.912508413831881436e-03 1.648476686881640489e+04
5.981040962380944001e-03 1.660560547696121648e+04
6.050367879391223974e-03 1.672653967036826361e+04
6.120498372476702517e-03 1.684755027278645866e+04
6.191441755977847815e-03 1.696861783936153006e+04
6.263207452198692356e-03 1.708972264900568553e+04
6.335804992658253774e-03 1.721084465615709632e+04
6.409244019356457114e-03 1.733196346655102752e+04
6.483534286054726779e-03 1.745305792703531552e+04
6.558685659571435525e-03 1.757410617280949009e+04
6.634708121092351002e-03 1.769508598472423910e+04
6.711611767496287149e-03 1.781597476192007889e+04
6.789406812696112230e-03 1.793674875879531101e+04
6.868103588995307790e-03 1.805738314252705459e+04
6.947712548460239883e-03 1.817785268049664228e+04
7.028244264308352446e-03 1.829813176708437095e+04
7.109709432312438099e-03 1.841819438503082711e+04
7.192118872221192789e-03 1.853801411081364859e+04
7.275483529196232965e-03 1.865756415825551449e+04
7.359814475265771296e-03 1.877681738373207554e+04
7.445122910795143496e-03 1.889574626936488858e+04
7.531420165974375344e-03 1.901432292806123223e+04
7.618717702322998914e-03 1.913251912996424289e+04
7.707027114212303652e-03 1.925030631440860088e+04
7.796360130405236531e-03 1.936765571476266268e+04
7.886728615614155974e-03 1.948453837114839189e+04
7.978144572076628638e-03 1.960092501913778324e+04
8.070620141149507584e-03 1.971678606005470283e+04
8.164167604921472240e-03 1.983209079071413362e+04
8.258799387844271284e-03 1.994680733613228585e+04
8.354528058382871408e-03 2.006090346040178338e+04
8.451366330684721012e-03 2.017434656750300928e+04
8.549327066268383804e-03 2.028710237367302034e+04
8.648423275731726215e-03 2.039913472685672605e+04
8.748668120479913615e-03 2.051040704773168181e+04
8.850074914473439122e-03 2.062088241854935768e+04
8.952657125996400095e-03 2.073052353836121256e+04
9.056428379445294677e-03 2.083929272490910080e+04
9.161402457138520528e-03 2.094715199107823719e+04
9.267593301146882789e-03 2.105406306221582054e+04
9.375015015145289968e-03 2.115998738352660439e+04
9.483681866285927423e-03 2.126488613321021330e+04
9.593608287093146128e-03 2.136872024567373956e+04
9.704808877380306092e-03 2.147145043154650193e+04
9.817298406188841586e-03 2.157303732528428009e+04
9.931091813749801447e-03 2.167344154015817912e+04
1.004620421346813161e-02 2.177262352891987030e+04
1.016265089392995140e-02 2.187054356561117311e+04
1.028044732093309765e-02 2.196716078485401886e+04
1.039960913954120388e-02 2.206243286337949030e+04
1.052015217616159015e-02 2.215631725007543355e+04
1.064209244064724669e-02 2.224877123862882945e+04
1.076544612842315896e-02 2.233975038851461431e+04
1.089022962263730583e-02 2.242920790671302530e+04
1.101645949633657008e-02 2.251709672440193754e+04
1.114415251466788215e-02 2.260336968267083284e+04
1.127332563710487130e-02 2.268797949753560533e+04
1.140399601970033122e-02 2.277087875915944824e+04
1.153618101736478448e-02 2.285202004249893798e+04
1.166989818617147553e-02 2.293135594304048936e+04
1.180516528568805595e-02 2.300883909661906364e+04
1.194200028133532432e-02 2.308442220460736644e+04
1.208042134677328981e-02 2.315805807845027084e+04
1.222044686631488727e-02 2.322969967514586097e+04
1.236209543736769070e-02 2.329930029276796267e+04
1.250538587290391315e-02 2.336681369832636119e+04
1.265033720395903824e-02 2.343219392688971493e+04
1.279696868215941634e-02 2.349539527199442819e+04
1.294529978227916024e-02 2.355637092205868976e+04
1.309535020482667685e-02 2.361507208795970291e+04
1.324713987866117486e-02 2.367145011509768665e+04
1.340068896363950761e-02 2.372545670274241638e+04
1.355601785329368925e-02 2.377704164429978118e+04
1.371314717753945554e-02 2.382615121586491296e+04
1.387209780541620932e-02 2.387273176446601065e+04
1.403289084785873213e-02 2.391673013723789700e+04
1.419554766050101606e-02 2.395809364359035317e+04
1.436008984651260603e-02 2.399677003613701163e+04
1.452653925946781159e-02 2.403270769980126715e+04
1.469491800624817164e-02 2.406585571954899933e+04
1.486524844997857107e-02 2.409616401903147562e+04
1.503755321299738400e-02 2.412358348808734081e+04
1.521185517986104775e-02 2.414806589005569185e+04
1.538817750038346324e-02 2.416956389567083170e+04
1.556654359271062056e-02 2.418803104625023843e+04
1.574697714643086624e-02 2.420342172180177295e+04
1.592950212572123020e-02 2.421569134814950667e+04
1.611414277253019750e-02 2.422479646736181530e+04
1.630092360979741237e-02 2.423069440124939865e+04
1.648986944471064753e-02 2.423334290269943449e+04
1.668100537200059227e-02 2.423270090789252208e+04
1.687435677727375585e-02 2.422872867940452488e+04
1.706994934038407949e-02 2.422138662723945163e+04
1.726780903884355886e-02 2.421063398247697842e+04
1.746796215127245644e-02 2.419643114890957077e+04
1.767043526088946798e-02 2.417874009614576789e+04
1.787525525904235316e-02 2.415752436747284446e+04
1.808244934877951612e-02 2.413274907636969510e+04
1.829204504846293836e-02 2.410438106298515413e+04
1.850407019542302245e-02 2.407238896722646678e+04
1.871855294965579092e-02 2.403674343639654398e+04
1.893552179756295348e-02 2.399741737870433280e+04
1.915500555573527997e-02 2.395438571361220602e+04
1.937703337477988952e-02 2.390762537281873665e+04
1.960163474319185847e-02 2.385711477817679406e+04
1.982883949127071249e-02 2.380283308193278936e+04
2.005867779508234069e-02 2.374476141394129809e+04
2.029118018046677935e-02 2.368288314527372131e+04
2.052637752709252084e-02 2.361718619478022811e+04
2.076430107255774690e-02 2.354766650884725459e+04
2.100498241653915230e-02 2.347432319965222996e+04
2.124845352498882720e-02 2.339715767656073876e+04
2.149474673437980557e-02 2.331617562862543127e+04
2.174389475600079988e-02 2.323139024578817771e+04
2.199593068030074663e-02 2.314281782234688217e+04
2.225088798128369363e-02 2.305047690443495594e+04
2.250880052095461867e-02 2.295438847719274054e+04
2.276970255381680075e-02 2.285457628723205562e+04
2.303362873142131284e-02 2.275106641493230200e+04
2.330061410696924670e-02 2.264388718313920253e+04
2.357069413996727703e-02 2.253306933366058729e+04
2.384390470093720321e-02 2.241864636189380326e+04
2.412028207618006903e-02 2.230065406209964203e+04
2.439986297259550199e-02 2.217913041561623322e+04
2.468268452255692469e-02 2.205411428024480483e+04
2.496878428884326609e-02 2.192564276242821870e+04
2.525820026962784584e-02 2.179375448306262115e+04
2.555097090352506997e-02 2.165849032753095162e+04
2.584713507469563881e-02 2.151990094339281495e+04
2.614673211801091940e-02 2.137806293143609946e+04
2.644980182427720053e-02 2.123305898664303459e+04
2.675638444552045150e-02 2.108497294707177934e+04
2.706652070033241375e-02 2.093389838605999466e+04
2.738025177927857698e-02 2.077995853256226837e+04
2.769761935036891068e-02 2.062328240636267219e+04
2.801866556459195468e-02 2.046399848226269023e+04
2.834343306151309444e-02 2.030223424885891654e+04
2.867196497493769772e-02 2.013811531587868012e+04
2.900430493863991738e-02 1.997176618147144109e+04
2.934049709215787172e-02 1.980331036408704313e+04
2.968058608665602449e-02 1.963287060150374964e+04
3.002461709085549324e-02 1.946056955716815719e+04
3.037263579703311511e-02 1.928652880895780254e+04
3.072468842709003348e-02 1.911086848490180273e+04
3.108082173869063797e-02 1.893370625585076777e+04
3.144108303147264555e-02 1.875515467799111866e+04
3.180552015332920035e-02 1.857532392272135985e+04
3.217418150676371741e-02 1.839432258191442088e+04
3.254711605531847990e-02 1.821226776729607809e+04
3.292437333007768724e-02 1.802931546842464741e+04
3.330600343624588733e-02 1.784562814700142553e+04
3.369205705980267418e-02 1.766136390470789047e+04
3.408258547423451829e-02 1.747668827897638766e+04
3.447764054734463873e-02 1.729181199166272563e+04
3.487727474814177747e-02 1.710695185121122995e+04
3.528154115380883332e-02 1.692231689653019566e+04
3.569049345675229939e-02 1.673810690406847061e+04
3.610418597173337130e-02 1.655450734732949059e+04
3.652267364308175307e-02 1.637169452247281879e+04
3.694601205199302130e-02 1.618983752895806356e+04
3.737425742391064371e-02 1.600909842009461318e+04
3.780746663599349189e-02 1.582963255311166904e+04
3.824569722466999305e-02 1.565158845595156527e+04
3.868900739327975347e-02 1.547510785564453545e+04
3.913745601980384015e-02 1.530032696568160463e+04
3.959110266468458816e-02 1.512738104385165207e+04
4.005000757873611317e-02 1.495640040996541211e+04
4.051423171114647281e-02 1.478750884411325933e+04
4.098383671757261509e-02 1.462082386961863085e+04
4.145888496832911274e-02 1.445645731515215084e+04
4.193943955667186335e-02 1.429451520402644746e+04
4.242556430717776828e-02 1.413509782678673946e+04
4.291732378422157684e-02 1.397830106637400786e+04
4.341478330055092288e-02 1.382422139769353998e+04
4.391800892596085804e-02 1.367295194263560734e+04
4.442706749606882555e-02 1.352458066241717461e+04
4.494202662119142072e-02 1.337919085141386677e+04
4.546295469532399269e-02 1.323686246402390316e+04
4.598992090522438514e-02 1.309767149570300353e+04
4.652299523960189143e-02 1.296168979011439842e+04
4.706224849841281199e-02 1.282897826042442102e+04
4.760775230226368254e-02 1.269955246037515826e+04
4.815957910192350533e-02 1.257341108412150606e+04
4.871780218794630885e-02 1.245055220442406426e+04
4.928249570040513228e-02 1.233096526995964996e+04
4.985373463873893352e-02 1.221458864249227736e+04
5.043159487171358646e-02 1.210134289878282470e+04
5.101615314749833457e-02 1.199115116865654090e+04
5.160748710385907462e-02 1.188393487097855905e+04
5.220567527846975420e-02 1.177959017571568438e+04
5.281079711934331261e-02 1.167800543163582006e+04
5.342293299538352497e-02 1.157907261612740331e+04
5.404216420705915125e-02 1.148267898274579056e+04
5.466857299720180585e-02 1.138865836203152321e+04
5.530224256192900478e-02 1.129682568720279232e+04
5.594325706169377826e-02 1.120700156456433797e+04
5.659170163246242391e-02 1.111900501459357838e+04
5.724766239702178822e-02 1.103260885625988158e+04
5.791122647641758214e-02 1.094756979133842651e+04
5.858248200152536139e-02 1.086365162734692422e+04
5.926151812475552449e-02 1.078062020620575458e+04
5.994842503189409116e-02 1.069821033257430827e+04
6.064329395408061402e-02 1.061614712306505498e+04
6.134621717992506246e-02 1.053416393733601944e+04
6.205728806776500406e-02 1.045199780285416637e+04
6.277660105806499857e-02 1.036935669266530203e+04
6.350425168595962011e-02 1.028594012190116518e+04
6.424033659394190465e-02 1.020145797532464348e+04
6.498495354469888130e-02 1.011563004057313083e+04
6.573820143409585259e-02 1.002817989454854614e+04
6.650018030431117944e-02 9.938839206999216913e+03
6.727099135712336087e-02 9.847352065301776747e+03
6.805073696735206012e-02 9.753476360532617036e+03
6.883952069645496441e-02 9.656990687718878689e+03
6.963744730628222690e-02 9.557691379116085955e+03
7.044462277299036457e-02 9.455389315598458779e+03
7.126115430111745752e-02 9.349914620534646019e+03
7.208715033782135684e-02 9.241151439580733495e+03
7.292272058728312134e-02 9.129019612313953985e+03
7.376797602527730702e-02 9.013453293767572177e+03
7.462302891391107973e-02 8.894407336763861167e+03
7.548799281653431614e-02 8.771912963602133459e+03
7.636298261282241373e-02 8.646048310923672034e+03
7.724811451403400253e-02 8.516901361906473539e+03
7.814350607844541829e-02 8.384577658139562118e+03
7.904927622696419909e-02 8.249278812438089517e+03
7.996554525892346499e-02 8.111261334121248183e+03
8.089243486805938743e-02 7.970780882380069670e+03
8.183006815867389927e-02 7.828100156744112610e+03
8.277856966198472721e-02 7.683582606315733756e+03
8.373806535266489770e-02 7.537644552536521587e+03
8.470868266557401993e-02 7.390685313565095385e+03
8.569055051268346934e-02 7.243094404159746773e+03
8.668379930019773361e-02 7.095347756337388091e+03
8.768856094587426653e-02 6.947961169744818108e+03
8.870496889654402861e-02 6.801416403087127037e+03
8.973315814583519845e-02 6.656166819040910923e+03
9.077326525210223374e-02 6.512714804980676490e+03
9.182542835656282154e-02 6.371578162385352698e+03
9.288978720164497993e-02 6.233230705931589000e+03
9.396648314954690606e-02 6.098105569641009424e+03
9.505565920101191613e-02 5.966628302481727587e+03
9.615746001432096124e-02 5.839206793584148727e+03
9.727203192450536995e-02 5.716209172382569704e+03
9.839952296278225985e-02 5.597963887342661110e+03
9.954008287621518569e-02 5.484726343545989039e+03
1.006938631476027024e-01 5.376696266205713982e+03
1.018610170155975214e-01 5.274052288024644440e+03
1.030416994950587445e-01 5.176948044362662586e+03
1.042360673976401170e-01 5.085404540302709393e+03
1.054442793526168404e-01 4.999348384011917005e+03
1.066664958279538722e-01 4.918709208529981879e+03
1.079028791516183639e-01 4.843412813507871761e+03
1.091535935331391094e-01 4.773227112742615645e+03
1.104188050854160164e-01 4.707803374822645310e+03
1.116986818467822634e-01 4.646812011941504352e+03
1.129933938033221702e-01 4.589935180471727108e+03
1.143031129114478600e-01 4.536713310122873736e+03
1.156280131207375328e-01 4.486575038099677840e+03
1.169682703970384707e-01 4.438972048379458101e+03
1.183240627458378019e-01 4.393375140388449836e+03
1.196955702359042834e-01 4.349177291300304205e+03
1.210829750232039481e-01 4.305707398848090634e+03
1.224864613750930725e-01 4.262317655841628948e+03
1.239062156947915577e-01 4.218386377873434867e+03
1.253424265461399456e-01 4.173322925169095470e+03
1.267952846786433996e-01 4.126568292839971946e+03
1.282649830528059809e-01 4.077592574099480316e+03
1.297517168657586761e-01 4.025902446337497622e+03
1.312556835771842845e-01 3.971147051716345231e+03
1.327770829355429116e-01 3.913110650120122955e+03
1.343161170046015263e-01 3.851610200411746064e+03
1.358729901902709092e-01 3.786500943808221564e+03
1.374479092677536596e-01 3.717850677572166205e+03
1.390410834090069769e-01 3.645926250803736821e+03
1.406527242105236331e-01 3.571007462460195256e+03
1.422830457214351862e-01 3.493385188964798544e+03
1.439322644719406574e-01 3.413554095584951938e+03
1.456005995020648591e-01 3.332197642727218408e+03
1.472882723907501801e-01 3.249965260893794493e+03
1.489955072852853779e-01 3.167464588639953490e+03
1.507225309310755434e-01 3.085396292865103987e+03
1.524695727017572888e-01 3.004549088406617557e+03
1.542368646296627399e-01 2.925640627772185326e+03
1.560246414366368017e-01 2.849312266785747397e+03
1.578331405652116382e-01 2.776118354967979485e+03
1.596626022101425013e-01 2.706532472010435413e+03
1.615132693503091299e-01 2.640974152422736552e+03
1.633853877809862132e-01 2.579812045731236140e+03
1.652792061464895546e-01 2.523198943811851677e+03
1.671949759731990170e-01 2.471064058624838253e+03
1.691329517029648843e-01 2.423332403189380784e+03
1.710933907269015231e-01 2.379932459472177470e+03
1.730765534195725930e-01 2.340571615473973907e+03
1.750827031735725237e-01 2.304697771327961163e+03
1.771121064345088647e-01 2.271781043796182075e+03
1.791650327363901452e-01 2.241322573170896703e+03
1.812417547374237659e-01 2.212707283697283401e+03
1.833425482562290598e-01 2.185165051127553397e+03
1.854676923084699336e-01 2.157951478063732338e+03
1.876174691439121411e-01 2.130359891715759204e+03
1.897921642839101308e-01 2.101773243615123647e+03
1.919920665593284892e-01 2.071681342513305935e+03
1.942174681489026444e-01 2.039613907821466228e+03
1.964686646180446583e-01 2.005144165360885154e+03
1.987459549580983809e-01 1.968108265051436092e+03
2.010496416260499075e-01 1.928678570041737657e+03
2.033800305846981960e-01 1.887057659085282467e+03
2.057374313432913659e-01 1.843456226034678139e+03
2.081221569986339281e-01 1.798293956724725604e+03
2.105345242766706038e-01 1.752267896737400861e+03
2.129748535745520921e-01 1.706043188111489371e+03
2.154434690031884481e-01 1.660225662766923733e+03
2.179406984302955930e-01 1.615395581369723686e+03
2.204668735239409816e-01 1.572123305775976405e+03
2.230223297965938656e-01 1.530920945601974381e+03
2.256074066496861485e-01 1.492241790396941269e+03
2.282224474186898555e-01 1.456341352111730430e+03
2.308677994187169624e-01 1.423213812460119698e+03
2.335438139906479416e-01 1.392832923812001809e+03
2.362508465477947683e-01 1.365173596177955233e+03
2.389892566231050230e-01 1.340018684676393150e+03
2.417594079169130827e-01 1.316844310332702207e+03
2.445616683452446483e-01 1.295134170877334782e+03
2.473964100886814066e-01 1.274406116219146725e+03
2.502640096417919069e-01 1.254171565367470293e+03
2.531648478631355337e-01 1.233908438684326711e+03
2.560993100258459609e-01 1.213121746946399298e+03
2.590677858688008595e-01 1.191353080762122545e+03
2.620706696483852682e-01 1.168340660048142354e+03
2.651083601908538756e-01 1.144137255419890835e+03
2.681812609453015361e-01 1.118831754556504166e+03
2.712897800372467416e-01 1.092517390236864003e+03
2.744343303228365394e-01 1.065436245698384255e+03
2.776153294436801144e-01 1.038090833077128536e+03
2.808331998823172526e-01 1.010969968455805542e+03
2.840883690183304000e-01 9.845148290977022043e+02
2.873812691851066470e-01 9.590815806949258331e+02
2.907123377272578524e-01 9.349111247255573289e+02
2.940820170587063465e-01 9.122093176673403150e+02
2.974907547214440395e-01 8.911596959695244777e+02
3.009390034449720974e-01 8.717805725716498273e+02
3.044272212064302874e-01 8.537852086209737763e+02
3.079558712914226559e-01 8.368730005472173161e+02
3.115254223555488089e-01 8.207664461212121978e+02
3.151363484866479547e-01 8.051780608823391958e+02
3.187891292677645927e-01 7.897756610412051259e+02
3.224842498408442282e-01 7.742432407195514088e+02
3.262222009711669979e-01 7.582905365503480652e+02
3.300034791125285305e-01 7.417699771461570890e+02
3.338285864731760921e-01 7.248124398547589635e+02
3.376980310825091203e-01 7.075775333493381822e+02
3.416123268585528616e-01 6.902140026714547503e+02
3.455719936762139399e-01 6.729000866016073132e+02
3.495775574363275129e-01 6.558940884379918543e+02
3.536295501355042892e-01 6.394428312197643436e+02
3.577285099367873422e-01 6.237678929110315948e+02
3.618749812411280464e-01 6.089882288961343875e+02
3.660695147596902399e-01 5.950138530242440993e+02
3.703126675869927165e-01 5.817321324354857097e+02
3.746050032748993175e-01 5.690393360313266840e+02
3.789470919074667821e-01 5.568147973842452529e+02
3.833395101766601254e-01 5.448829162229480971e+02
3.877828414589457595e-01 5.330720604963735241e+02
3.922776758927719598e-01 5.212251754205424277e+02
3.968246104569481680e-01 5.092559132334487799e+02
4.014242490499321803e-01 4.972388726588933423e+02
4.060772025700365440e-01 4.852684790159822796e+02
4.107840889965646558e-01 4.734311508359016898e+02
4.155455334718875515e-01 4.618076832315297793e+02
4.203621683844713797e-01 4.504773942457682097e+02
4.252346334528682159e-01 4.395126911707502018e+02
4.301635758106794882e-01 4.289784066660499775e+02
4.351496500925050026e-01 4.188992128941497413e+02
4.401935185208874501e-01 4.091982046620242386e+02
4.452958509942655518e-01 3.997865711132487263e+02
4.504573251759458330e-01 3.905829136130347479e+02
4.556786265841064054e-01 3.815241353319075301e+02
4.609604486828433600e-01 3.725879252866070033e+02
4.663034929742731483e-01 3.637608019291237724e+02
4.717084690917017209e-01 3.550305833247583678e+02
4.771760948938745805e-01 3.463991779127167661e+02
4.827070965603182939e-01 3.379101404241344540e+02
4.883022086877880086e-01 3.296112994592086807e+02
4.939621743878320759e-01 3.215456658012827802e+02
4.996877453854883799e-01 3.137394925355098394e+02
5.054796821191240852e-01 3.061742974684029832e+02
5.113387538414325695e-01 2.988239538369508068e+02
5.172657387216018643e-01 2.916643508202005819e+02
5.232614239486661489e-01 2.846734705433538011e+02
5.293266058360561743e-01 2.778317854717348609e+02
5.354620899273607737e-01 2.711215245436058012e+02
5.416686911033151697e-01 2.645264150945222354e+02
5.479472336900287344e-01 2.580376910646226065e+02
5.542985515684668574e-01 2.516701472345166906e+02
5.607234882852032420e-01 2.454423904598367585e+02
5.672228971644543982e-01 2.393710425553437631e+02
5.737976414214134291e-01 2.334666467938970982e+02
5.804485942768977669e-01 2.277218398098788157e+02
5.871766390733255125e-01 2.221255717371208505e+02
5.939826693920355893e-01 2.166675651103720668e+02
6.008675891719686968e-01 2.113384636426093550e+02
6.078323128297229427e-01 2.061303775084437575e+02
6.148777653810023613e-01 2.010361767908202921e+02
6.220048825634711953e-01 1.960492363501344641e+02
6.292146109610343707e-01 1.911651688495432779e+02
6.365079081295571539e-01 1.863874884004355295e+02
6.438857427240419762e-01 1.817212741030064365e+02
6.513490946272803006e-01 1.771709278400837491e+02
6.588989550799949635e-01 1.727386598956452701e+02
6.665363268124913088e-01 1.684191621975194550e+02
6.742622241778342129e-01 1.642054161808748916e+02
6.820776732865685421e-01 1.600908902300319596e+02
6.899837121430018039e-01 1.560702168287891141e+02
6.979813907830659803e-01 1.521417529550477070e+02
7.060717714137773049e-01 1.483048633417761266e+02
7.142559285543126357e-01 1.445588195599892458e+02
7.225349491787214085e-01 1.409027206507652465e+02
7.309099328602910450e-01 1.373351631773074928e+02
7.393819919175865785e-01 1.338545876824539107e+02
7.479522515621821466e-01 1.304594302083542345e+02
7.566218500481054487e-01 1.271479458335658137e+02
7.653919388230148169e-01 1.239174672935008630e+02
7.742636826811269968e-01 1.207651335719757100e+02
7.832382599179196214e-01 1.176882237699973928e+02
7.923168624866253618e-01 1.146843341808554868e+02
8.015006961565405152e-01 1.117521844758098126e+02
8.107909806731686819e-01 1.088908419646603107e+02
8.201889499202202893e-01 1.060993392970051019e+02
8.296958520834906148e-01 1.033765943996616983e+02
8.393129498166364000e-01 1.007210226317368011e+02
8.490415204088747059e-01 9.813089841660321611e+01
8.588828559546249908e-01 9.560454591006659086e+01
8.688382635251183927e-01 9.314035333932071126e+01
8.789090653419954213e-01 9.073684985724466401e+01
8.890965989529158175e-01 8.839263452019592648e+01
8.994022174092044519e-01 8.610633581601827302e+01
9.098272894455557980e-01 8.387661256234584073e+01
9.203731996618220723e-01 8.170216138690344110e+01
9.310413487069075789e-01 7.958170937434796599e+01
9.418331534647951253e-01 7.751400944335043164e+01
9.527500472427290479e-01 7.549783698672696630e+01
9.637934799615786030e-01 7.353197284159134028e+01
9.749649183484085935e-01 7.161521662307391978e+01
9.862658461312820979e-01 6.974639520727424724e+01
9.976977642363201726e-01 6.792436335620838861e+01
1.009262190987048502e+00 6.614801023337241759e+01
1.020960662306047650e+00 6.441625319318607978e+01
1.032794731918952547e+00 6.272803330148503420e+01
1.044765971560805307e+00 6.108231483285594265e+01
1.056875971184805030e+00 5.947808465025988767e+01
1.069126339173477103e+00 5.791435188987654215e+01
1.081518702552289213e+00 5.639014762045388807e+01
1.094054707205743604e+00 5.490452438503019295e+01
1.106736018095974439e+00 5.345655559780517052e+01
1.119564319483879355e+00 5.204533525595662269e+01
1.132541315152812755e+00 5.066997763320980397e+01
1.145668728634872569e+00 4.932961688638170017e+01
1.158948303439811811e+00 4.802340674990911396e+01
1.172381803286599800e+00 4.675052007491555628e+01
1.185971012337670549e+00 4.551014838342136670e+01
1.199717735435885446e+00 4.430150146458196048e+01
1.213623798344241722e+00 4.312380681884467748e+01
1.227691047988360484e+00 4.197630941480055355e+01
1.241921352701784720e+00 4.085827144568676772e+01
1.256316602474121469e+00 3.976897200020473377e+01
1.270878709202059476e+00 3.870770692518399159e+01
1.285609606943296512e+00 3.767378834459059078e+01
1.300511252173409904e+00 3.666654418088830880e+01
1.315585624045705115e+00 3.568531778718253378e+01
1.330834724654076151e+00 3.472946730031834761e+01
1.346260579298911075e+00 3.379836552191100907e+01
1.361865236756082842e+00 3.289139982867012435e+01
1.377650769549054965e+00 3.200797184630542347e+01
1.393619274224143556e+00 3.114749697381745364e+01
1.409772871628967694e+00 3.030940418419832838e+01
1.426113707194129887e+00 2.949313585288248518e+01
1.442643951218158804e+00 2.869814747502908503e+01
1.459365799155757593e+00 2.792390743603215242e+01
1.476281471909391074e+00 2.716989670230815079e+01
1.493393216124253353e+00 2.643560850714841948e+01
1.510703304486655574e+00 2.572054808096134693e+01
1.528214036025870914e+00 2.502423237319720783e+01
1.545927736419478560e+00 2.434618980303243063e+01
1.563846758302247730e+00 2.368596001891408775e+01
1.581973481578601515e+00 2.304309364746996991e+01
1.600310313738701806e+00 2.241715200978071110e+01
1.618859690178199306e+00 2.180770690317183735e+01
1.637624074521689010e+00 2.121434040031805068e+01
1.656605958949915136e+00 2.063664461157252106e+01
1.675807864530768798e+00 2.007422135129184326e+01
1.695232341554121502e+00 1.952668196673175061e+01
1.714881969870540868e+00 1.899364721178549686e+01
1.734759359233932541e+00 1.847474703266042084e+01
1.754867149648152047e+00 1.796962031494728151e+01
1.775208011717636092e+00 1.747791469788925056e+01
1.795784647002096834e+00 1.699928641220989434e+01
1.816599788375328650e+00 1.653340008509567483e+01
1.837656200388172456e+00 1.607992855481773731e+01
1.858956679635688225e+00 1.563855267976369134e+01
1.880504055128583429e+00 1.520896114792324916e+01
1.902301188668945819e+00 1.479085029537952067e+01
1.924350975230332272e+00 1.438392391581239949e+01
1.946656343342263229e+00 1.398789309238969025e+01
1.969220255479173565e+00 1.360247604124136700e+01
1.992045708453871189e+00 1.322739794637306154e+01
2.015135733815558439e+00 1.286239080290989634e+01
2.038493398252464228e+00 1.250719325662158177e+01
2.062121803999144465e+00 1.216155044332584723e+01
2.086024089248504687e+00 1.182521383499194023e+01
2.110203428568596440e+00 1.149794106098667967e+01
2.134663033324245340e+00 1.117949577060346655e+01
2.159406152103567678e+00 1.086964752019178704e+01
2.184436071149428393e+00 1.056817163331273512e+01
2.209756114795903059e+00 1.027484904206402483e+01
2.235369645909796699e+00 9.989466158445113209e+00
2.261280066337279404e+00 9.711814766051338310e+00
2.287490817355704031e+00 9.441691892918287365e+00
2.314005380130653933e+00 9.178899688793242362e+00
2.340827276178294447e+00 8.923245302145927482e+00
2.367960067833078774e+00 8.674540757682354553e+00
2.395407358720879287e+00 8.432602839309060627e+00
2.423172794237600680e+00 8.197252978774701049e+00
2.451260062033339793e+00 7.968317143347440457e+00
2.479672892502160053e+00 7.745625723081054126e+00
2.508415059277541381e+00 7.529013423488462919e+00
2.537490379733571721e+00 7.318319153657480314e+00
2.566902715491951703e+00 7.113385924901467483e+00
2.596655972934872381e+00 6.914060759387513855e+00
2.626754103723838440e+00 6.720194591803194228e+00
2.657201105324506596e+00 6.531642145866617177e+00
2.688001021537607560e+00 6.348261842594882687e+00
2.719157943036019098e+00 6.169915742067832554e+00
2.750676007908067433e+00 5.996469455379497049e+00
2.782559402207125832e+00 5.827792049193862844e+00
2.814812360507581435e+00 5.663755960416998469e+00
2.847439166467247595e+00 5.504236922552249389e+00
2.880444153396297668e+00 5.349113884723798229e+00
2.913831704832788638e+00 5.198268933952831183e+00
2.947606255124858521e+00 5.051587217424946097e+00
2.981772290019673477e+00 4.908956864038303891e+00
3.016334347259197468e+00 4.770268910044692667e+00
3.051297017182871052e+00 4.635417225319382162e+00
3.086664943337274369e+00 4.504298442520087598e+00
3.122442823092857811e+00 4.376811889736338834e+00
3.158635408267818967e+00 4.252859523152025645e+00
3.195247505759213791e+00 4.132345860916817770e+00
3.232283978181380579e+00 4.015177918826545955e+00
3.269749744511767808e+00 3.901265147963016489e+00
3.307649780744242651e+00 3.790519373223510069e+00
3.345989120549974771e+00 3.682854723979331890e+00
3.384772855945982872e+00 3.578187573783248698e+00
3.424006137971425723e+00 3.476436496750955119e+00
3.463694177371734462e+00 3.377522212669458401e+00
3.503842245290675894e+00 3.281367528369439235e+00
3.544455673970435594e+00 3.187897283515513713e+00
3.585539857459817181e+00 3.097038304838720446e+00
3.627100252330648367e+00 3.008719355972008014e+00
3.669142378402494131e+00 2.922871089026039204e+00
3.711671819475766743e+00 2.839425996682662934e+00
3.754694224073336972e+00 2.758318363627324299e+00
3.798215306190736218e+00 2.679484220535854444e+00
3.842240846055060999e+00 2.602861299070675649e+00
3.886776690892667752e+00 2.528388988125151560e+00
3.931828755705770284e+00 2.456008291614791172e+00
3.977403024058036696e+00 2.385661786948889418e+00
4.023505548869293236e+00 2.317293583697735304e+00
4.070142453219438572e+00 2.250849283704003057e+00
4.117319931161679492e+00 2.186275943831289759e+00
4.165044248545185290e+00 2.123522038436974402e+00
4.213321743847289191e+00 2.062537420304459967e+00
4.262158829015325168e+00 2.003273283639443569e+00
4.311561990318228510e+00 1.945682133173248785e+00
4.361537789208005833e+00 1.889717750483531855e+00
4.412092863191189984e+00 1.835335159880715494e+00
4.463233926710397093e+00 1.782490595491495133e+00
4.514967772036102112e+00 1.731141471219290517e+00
4.567301270168746541e+00 1.681246350095289888e+00
4.620241371751313331e+00 1.632764914074501084e+00
4.673795107992464004e+00 1.585657934641770961e+00
4.727969591600390764e+00 1.539887244555970591e+00
4.782772017727485725e+00 1.495415710050597369e+00
4.838209664925956943e+00 1.452207203799543489e+00
4.894289896114531579e+00 1.410226578542921327e+00
4.951020159556350997e+00 1.369439641126833251e+00
5.008407989848212338e+00 1.329813127353425273e+00
5.066461008921268494e+00 1.291314676820634277e+00
5.125186927053333008e+00 1.253912808502601672e+00
5.184593543892913381e+00 1.217576898803281793e+00
5.244688749495119318e+00 1.182277159020282742e+00
5.305480525369573819e+00 1.147984609761997454e+00
5.366976945540476329e+00 1.114671056240579938e+00
5.429186177618943177e+00 1.082309074294592888e+00
5.492116483887789613e+00 1.050871990800586131e+00
5.555776222398877806e+00 1.020333862544923642e+00
5.620173848083187984e+00 9.906694556096028448e-01
5.685317913873753071e+00 9.618542286994279378e-01
5.751217071841614015e+00 9.338643149449064040e-01
5.817880074344935259e+00 9.066765042523031726e-01
5.885315775191449994e+00 8.802682261622828408e-01
5.953533130814370189e+00 8.546175318328051995e-01
6.022541201461927507e+00 8.297030772269984311e-01
6.092349152400711176e+00 8.055041067006831756e-01
6.162966255132942273e+00 7.820004369784094855e-01
6.234401888627863819e+00 7.591724421336608630e-01
6.306665540567405692e+00 7.370010386427494620e-01
6.379766808606282424e+00 7.154676708420425468e-01
6.453715401646701544e+00 6.945542967903002296e-01
6.528521141127847649e+00 6.742433742305730116e-01
6.604193962330305645e+00 6.545178470627195377e-01
6.680743915695614987e+00 6.353611323576575654e-01
6.758181168161110364e+00 6.167571077827486148e-01
6.836516004510238886e+00 5.986900987556043052e-01
6.915758828738525210e+00 5.811448662439913093e-01
6.995920165435374649e+00 5.641065950294663622e-01
7.077010661181889262e+00 5.475608823219582089e-01
7.159041085964887863e+00 5.314937263758576780e-01
7.242022334607315592e+00 5.158915155547842968e-01
7.325965428215230446e+00 5.007410176453018780e-01
7.410881515641570161e+00 4.860293694009270027e-01
7.496781874966877091e+00 4.717440666822696471e-01
7.583677914997190683e+00 4.578729547040396586e-01
7.671581176779302069e+00 4.444042185743845019e-01
7.760503335133570602e+00 4.313263741458560063e-01
7.850456200204509294e+00 4.186282587802636068e-01
7.941451719029339884e+00 4.062990225128110255e-01
8.033501977124734239e+00 3.943281192883956177e-01
8.126619200091946382e+00 3.827052982329322561e-01
8.220815755240540312e+00 3.714205961259836042e-01
8.316104153230961415e+00 3.604643296351955351e-01
8.412497049736117560e+00 3.498270869324308641e-01
8.510007247122246099e+00 3.394997187612942002e-01
8.608647696149244410e+00 3.294733331917832908e-01
8.708431497690723333e+00 3.197392890051025671e-01
8.809371904473991322e+00 3.102891885715034492e-01
8.911482322840202031e+00 3.011148706701882172e-01
9.014776314524917566e+00 2.922084045323659063e-01
9.119267598459298796e+00 2.835620836097612618e-01
9.224970052592174952e+00 2.751684193840120418e-01
9.331897715733239451e+00 2.670201353790812582e-01
9.440064789417602853e+00 2.591101612004829136e-01
9.549485639791965852e+00 2.514316267914556979e-01
9.660174799522645017e+00 2.439778568660263824e-01
9.772146969725724830e+00 2.367423654932792054e-01
9.885417021919574054e+00 2.297188508288379449e-01
1.000000000000000000e+01 2.229011899896625737e-01
