1.000000000000000082e-05 4.717787206748370465e+01
1.013925407558814327e-05 4.781136481467124355e+01
1.028044732093309699e-05 4.845336394510916023e+01
1.042360673976401146e-05 4.910398368039859918e+01
1.056875971184804981e-05 4.976333977588032553e+01
1.071593399822671096e-05 5.043154954122871203e+01
1.086515774652537261e-05 5.110873186132357660e+01
1.101645949633656847e-05 5.179500721740139113e+01
1.116986818467822625e-05 5.249049770849043028e+01
1.132541315152812671e-05 5.319532707313480557e+01
1.148312414543511069e-05 5.390962071140862122e+01
1.164303132920875528e-05 5.463350570722738553e+01
1.180516528568805612e-05 5.536711085095782181e+01
1.196955702359042875e-05 5.611056666233141499e+01
1.213623798344241821e-05 5.686400541366658246e+01
1.230524004359261647e-05 5.762756115340116736e+01
1.247659552630868525e-05 5.840136972994243791e+01
1.265033720395903801e-05 5.918556881583637619e+01
1.282649830528059917e-05 5.998029793226134387e+01
1.300511252173409911e-05 6.078569847385189462e+01
1.318621401394748594e-05 6.160191373385413982e+01
1.336983741824945150e-05 6.242908892962066147e+01
1.355601785329368979e-05 6.326737122844661343e+01
1.374479092677536677e-05 6.411690977375259592e+01
1.393619274224143468e-05 6.497785571162060592e+01
1.413025990599533632e-05 6.585036221768409348e+01
1.432702953409829478e-05 6.673458452438127608e+01
1.452653925946781202e-05 6.763067994857301812e+01
1.472882723907501804e-05 6.853880791953150720e+01
1.493393216124253386e-05 6.945913000730610065e+01
1.514189325304351951e-05 7.039180995146814723e+01
1.535275028780421074e-05 7.133701369024366556e+01
1.556654359271061883e-05 7.229490939003596850e+01
1.578331405652116359e-05 7.326566747534464241e+01
1.600310313738701696e-05 7.424946065908768844e+01
1.622595287078087002e-05 7.524646397332867309e+01
1.645190587753660725e-05 7.625685480041869369e+01
1.668100537200059254e-05 7.728081290455502028e+01
1.691329517029647124e-05 7.831852046376336318e+01
1.714881969870540916e-05 7.937016210231145408e+01
1.738762400216250392e-05 8.043592492355510615e+01
1.762975375287203833e-05 8.151599854322803651e+01
1.787525525904235524e-05 8.261057512317694318e+01
1.812417547374235949e-05 8.371984940554952459e+01
1.837656200388172389e-05 8.484401874744341399e+01
1.863246311931559903e-05 8.598328315601756344e+01
1.889192776207664550e-05 8.713784532407795780e+01
1.915500555573527999e-05 8.830791066613919327e+01
1.942174681489024571e-05 8.949368735497041882e+01
1.969220255479173340e-05 9.069538635863375475e+01
1.996642450109793374e-05 9.191322147801732001e+01
2.024446509976801623e-05 9.314740938487496180e+01
2.052637752709252056e-05 9.439816966037510326e+01
2.081221569986337291e-05 9.566572483416689465e+01
2.110203428568596656e-05 9.695030042397317516e+01
2.139588871343421495e-05 9.825212497571190795e+01
2.169383518385182289e-05 9.957143010415954620e+01
2.199593068030074845e-05 1.009084505341581348e+02
2.230223297965936262e-05 1.022634241423760528e+02
2.261280066337279372e-05 1.036365919996312783e+02
2.292769312865648647e-05 1.050281984137800464e+02
2.324697059985650290e-05 1.064384909731846420e+02
2.357069413996727640e-05 1.078677205907614649e+02
2.389892566231047836e-05 1.093161415486239747e+02
2.423172794237600676e-05 1.107840115433226060e+02
2.456916462982790237e-05 1.122715917316924532e+02
2.491130026067790961e-05 1.137791467773185730e+02
2.525820026962784779e-05 1.153069448976220031e+02
2.560993100258456690e-05 1.168552579115814041e+02
2.596655972934872479e-05 1.184243612880931380e+02
2.632815465648020122e-05 1.200145341949807971e+02
2.669478494034323532e-05 1.216260595486650544e+02
2.706652070033241139e-05 1.232592240644970900e+02
2.744343303228362652e-05 1.249143183077713957e+02
2.782559402207125977e-05 1.265916367454209279e+02
2.821307675939470740e-05 1.282914777984067882e+02
2.860595535175744877e-05 1.300141438948136283e+02
2.900430493863991665e-05 1.317599415236543052e+02
2.940820170587060722e-05 1.335291812894007251e+02
2.981772290019673403e-05 1.353221779672445280e+02
3.023294684405776334e-05 1.371392505590996223e+02
3.065395295056530018e-05 1.389807223503594855e+02
3.108082173869063645e-05 1.408469209674123874e+02
3.151363484866476195e-05 1.427381784359333210e+02
3.195247505759213607e-05 1.446548312399553708e+02
3.239742629528195378e-05 1.465972203817350419e+02
3.284857366030047033e-05 1.485656914424233150e+02
3.330600343624588548e-05 1.505605946435480860e+02
3.376980310825087640e-05 1.525822849093256366e+02
3.424006137971425626e-05 1.546311219298065964e+02
3.471686818926559409e-05 1.567074702248692972e+02
3.520031472796682762e-05 1.588116992090756128e+02
3.569049345675229896e-05 1.609441832573932345e+02
3.618749812411276967e-05 1.631053017718048466e+02
3.669142378402493983e-05 1.652954392488086341e+02
3.720236681413065894e-05 1.675149853478255011e+02
3.772042493417001620e-05 1.697643349605273215e+02
3.824569722466999088e-05 1.720438882810920234e+02
3.877828414589453094e-05 1.743540508774065927e+02
3.931828755705769966e-05 1.766952337632228591e+02
3.986581073580438997e-05 1.790678534712820635e+02
4.042095839796309883e-05 1.814723321274251759e+02
4.098383671757261184e-05 1.839090975256926299e+02
4.155455334718879821e-05 1.863785832044383710e+02
4.213321743847289172e-05 1.888812285234602655e+02
4.271993966306776293e-05 1.914174787421714257e+02
4.331483223376403243e-05 1.939877850988179375e+02
4.391800892596085679e-05 1.965926048907596453e+02
4.452958509942659792e-05 1.992324015558334338e+02
4.514967772036101599e-05 2.019076447548026465e+02
4.577840538376616169e-05 2.046188104549200091e+02
4.641588833612781789e-05 2.073663810146081801e+02
4.706224849841281693e-05 2.101508452692777666e+02
4.771760948938750521e-05 2.129726986183013935e+02
4.838209664925957121e-05 2.158324431131498500e+02
4.905583706365045348e-05 2.187305875467176008e+02
4.973895958790067998e-05 2.216676475438436000e+02
5.043159487171358695e-05 2.246441456530479002e+02
5.113387538414331267e-05 2.276606114395040379e+02
5.184593543892913273e-05 2.307175815792532489e+02
5.256791122018419400e-05 2.338155999546908106e+02
5.329994080844093065e-05 2.369552177513296272e+02
5.404216420705915271e-05 2.401369935558634552e+02
5.479472336900292591e-05 2.433614934555512264e+02
5.555776222398877724e-05 2.466292911389290339e+02
5.633142670601352036e-05 2.499409679978817564e+02
5.711586478126435033e-05 2.532971132310798055e+02
5.791122647641758420e-05 2.566983239488058075e+02
5.871766390733261363e-05 2.601452052791926803e+02
5.953533130814369864e-05 2.636383704758816862e+02
6.036438506075863543e-05 2.671784410271332604e+02
6.120498372476702897e-05 2.707660467663977784e+02
6.205728806776500081e-05 2.744018259843709302e+02
6.292146109610350833e-05 2.780864255425598799e+02
6.379766808606282991e-05 2.818205009883648131e+02
6.468607661546321112e-05 2.856047166717155505e+02
6.558685659571435525e-05 2.894397458632677171e+02
6.650018030431118507e-05 2.933262708741860365e+02
6.742622241778349222e-05 2.972649831775429448e+02
6.836516004510238809e-05 3.012565835313365596e+02
6.931717276155400522e-05 3.053017821031715471e+02
7.028244264308352554e-05 3.094012985966066367e+02
7.126115430111745026e-05 3.135558623791991977e+02
7.225349491787221566e-05 3.177662126122758082e+02
7.325965428215229914e-05 3.220330983824348436e+02
7.427982482564910469e-05 3.263572788348255926e+02
7.531420165974375832e-05 3.307395233082097548e+02
7.636298261282241959e-05 3.351806114718368690e+02
7.742636826811278249e-05 3.396813334641640836e+02
7.850456200204508639e-05 3.442424900334289646e+02
7.959777002314977982e-05 3.488648926801193397e+02
8.070620141149507638e-05 3.535493638013500686e+02
8.183006815867388940e-05 3.582967368371782300e+02
8.296958520834915780e-05 3.631078564188897531e+02
8.412497049736118173e-05 3.679835785192665867e+02
8.529644499741016815e-05 3.729247706048830082e+02
8.648423275731726594e-05 3.779323117904387459e+02
8.768856094587426870e-05 3.830070929951653511e+02
8.890965989529167504e-05 3.881500171013393583e+02
9.014776314524917239e-05 3.933619991149133170e+02
9.140310748756223216e-05 3.986439663283146615e+02
9.267593301146882789e-05 4.039968584854229903e+02
9.396648314954690162e-05 4.094216279487634438e+02
9.527500472427300024e-05 4.149192398689512515e+02
9.660174799522645947e-05 4.204906723564014897e+02
9.794696670695385331e-05 4.261369166553550940e+02
9.931091813749800526e-05 4.318589773202346578e+02
1.006938631476027150e-04 4.376578723943674731e+02
1.020960662306046523e-04 4.435346335911165738e+02
1.035177955630176228e-04 4.494903064774342170e+02
1.049593230558227707e-04 4.555259506598863481e+02
1.064209244064724582e-04 4.616426399731727770e+02
1.079028791516183647e-04 4.678414626711781352e+02
1.094054707205742411e-04 4.741235216205917027e+02
1.109289864895222780e-04 4.804899344971209985e+02
1.124737178364751899e-04 4.869418339843460899e+02
1.140399601970033122e-04 4.934803679752403696e+02
1.156280131207375404e-04 5.001066997763988411e+02
1.172381803286598597e-04 5.068220083150098390e+02
1.188707697711903309e-04 5.136274883486014460e+02
1.205260936870842587e-04 5.205243506776100730e+02
1.222044686631488684e-04 5.275138223607992813e+02
1.239062156947915523e-04 5.345971469335719348e+02
1.256316602474121533e-04 5.417755846292187698e+02
1.273811323186478520e-04 5.490504126031248688e+02
1.291549665014884106e-04 5.564229251600056614e+02
1.309535020482667609e-04 5.638944339841754072e+02
1.327770829355428932e-04 5.714662683729206947e+02
1.346260579298911035e-04 5.791397754730033967e+02
1.365007806546013845e-04 5.869163205203336702e+02
1.384016096573131502e-04 5.947972870828742771e+02
1.403289084785873094e-04 6.027840773067927103e+02
1.422830457214352027e-04 6.108781121659269502e+02
1.442643951218158945e-04 6.190808317146008903e+02
1.462733356201129868e-04 6.273936953438261526e+02
1.483102514336104446e-04 6.358181820409586180e+02
1.503755321299738291e-04 6.443557906528262720e+02
1.524695727017572945e-04 6.530080401524004401e+02
1.545927736419478403e-04 6.617764699090463409e+02
1.567455410205595065e-04 6.706626399623943371e+02
1.589282865622978103e-04 6.796681312999038482e+02
1.611414277253019891e-04 6.887945461381387986e+02
1.633853877809860280e-04 6.980435082078287223e+02
1.656605958949915094e-04 7.074166630427592963e+02
1.679674872092653225e-04 7.169156782725299308e+02
1.703065029252844313e-04 7.265422439192611819e+02
1.726780903884355897e-04 7.362980726982675606e+02
1.750827031735723363e-04 7.461849003227803223e+02
1.775208011717636101e-04 7.562044858127585485e+02
1.799928506782476454e-04 7.663586118078399068e+02
1.824993244816152445e-04 7.766490848845098753e+02
1.850407019542302061e-04 7.870777358775103494e+02
1.876174691439119540e-04 7.976464202055778969e+02
1.902301188668945714e-04 8.083570182015540695e+02
1.928791508020777693e-04 8.192114354469172213e+02
1.955650715865949168e-04 8.302116031108257630e+02
1.982883949127071325e-04 8.413594782936952470e+02
2.010496416260497009e-04 8.526570443753986410e+02
2.038493398252464264e-04 8.641063113681452705e+02
2.066880249629082160e-04 8.757093162740825392e+02
2.095662399480432926e-04 8.874681234477233147e+02
2.124845352498882828e-04 8.993848249632161469e+02
2.154434690031882321e-04 9.114615409865617721e+02
2.184436071149428412e-04 9.237004201528269505e+02
2.214855233726359179e-04 9.361036399484100912e+02
2.245697995539773994e-04 9.486734070984622349e+02
2.276970255381680010e-04 9.614119579594880634e+02
2.308677994187167406e-04 9.743215589172319824e+02
2.340827276178294449e-04 9.874045067899070318e+02
2.373424250023866149e-04 1.000663129236823465e+03
2.406475150015424170e-04 1.014099785172530005e+03
2.439986297259550199e-04 1.027716865186489940e+03
2.473964100886811538e-04 1.041516791968407688e+03
2.508415059277541376e-04 1.055502020739267437e+03
2.543345761304648361e-04 1.069675039688144125e+03
2.578762887593801043e-04 1.084038370414903966e+03
2.614673211801091831e-04 1.098594568378826125e+03
2.651083601908536076e-04 1.113346223353262303e+03
2.688001021537607393e-04 1.128295959886401533e+03
2.725432531281027707e-04 1.143446437768206579e+03
2.763385290053169780e-04 1.158800352503646764e+03
2.801866556459195316e-04 1.174360435792257704e+03
2.840883690183301021e-04 1.190129456014158222e+03
2.880444153396297634e-04 1.206110218722592663e+03
2.920555512182745244e-04 1.222305567143068856e+03
2.961225437988034676e-04 1.238718382679228398e+03
3.002461709085549389e-04 1.255351585425481289e+03
3.044272212064302527e-04 1.272208134686540234e+03
3.086664943337274645e-04 1.289291029503927348e+03
3.129648010670750265e-04 1.306603309189547645e+03
3.173229634734976343e-04 1.324148053866435475e+03
3.217418150676371437e-04 1.341928385016748052e+03
3.262222009711669896e-04 1.359947466037131335e+03
3.307649780744242331e-04 1.378208502801535133e+03
3.353710152002928996e-04 1.396714744231587474e+03
3.400411932703705929e-04 1.415469482874632604e+03
3.447764054734464112e-04 1.434476055489518785e+03
3.495775574363275159e-04 1.453737843640265055e+03
3.544455673970435734e-04 1.473258274297690832e+03
3.593813663804625697e-04 1.493040820449128432e+03
3.643858983763544296e-04 1.513089001716325129e+03
3.694601205199302477e-04 1.533406384981630254e+03
3.746050032748993088e-04 1.553996585022604904e+03
3.798215306190736037e-04 1.574863265155145427e+03
3.851107002325568655e-04 1.596010137885242102e+03
3.904735236885560211e-04 1.617440965569499213e+03
3.959110266468458469e-04 1.639159561084504730e+03
4.014242490499322046e-04 1.661169788505209681e+03
4.070142453219438875e-04 1.683475563792401772e+03
4.126820845702952015e-04 1.706080855489416990e+03
4.184288507901584705e-04 1.728989685428211942e+03
4.242556430717776958e-04 1.752206129444892440e+03
4.301635758106795273e-04 1.775734318104889780e+03
4.361537789208005771e-04 1.799578437437835873e+03
4.422273980505897289e-04 1.823742729682328218e+03
4.483855948021190545e-04 1.848231494040697953e+03
4.546295469532399291e-04 1.873049087443884900e+03
4.609604486828433796e-04 1.898199925326626953e+03
4.673795107992463507e-04 1.923688482413016573e+03
4.738879609717650920e-04 1.949519293512629019e+03
4.804870439655133953e-04 1.975696954327343974e+03
4.871780218794630885e-04 2.002226122268971267e+03
4.939621743878321080e-04 2.029111517287902871e+03
5.008407989848212387e-04 2.056357922712844356e+03
5.078152112327670659e-04 2.083970186101851596e+03
5.148867450137497919e-04 2.111953220104792308e+03
5.220567527846975506e-04 2.140312003337363421e+03
5.293266058360561205e-04 2.169051581266891390e+03
5.366976945540475642e-04 2.198177067109976178e+03
5.441714286865887004e-04 2.227693642742218344e+03
5.517492376129128854e-04 2.257606559620168355e+03
5.594325706169377133e-04 2.287921139715613663e+03
5.672228971644543115e-04 2.318642776462471829e+03
5.751217071841613262e-04 2.349776935716344724e+03
5.831305113526218760e-04 2.381329156726983001e+03
5.912508413831881436e-04 2.413305053123817288e+03
5.994842503189408769e-04 2.445710313914685230e+03
6.078323128297229453e-04 2.478550704498020878e+03
6.162966255132942741e-04 2.511832067688591451e+03
6.248788072006888211e-04 2.545560324757025683e+03
6.335804992658254208e-04 2.579741476483316546e+03
6.424033659394191159e-04 2.614381604224419334e+03
6.513490946272802555e-04 2.649486870996260222e+03
6.604193962330305243e-04 2.685063522570202622e+03
6.696160054853215549e-04 2.721117888584273260e+03
6.789406812696112013e-04 2.757656383669318529e+03
6.883952069645496224e-04 2.794685508590236168e+03
6.979813907830660332e-04 2.832211851402598768e+03
7.077010661181889735e-04 2.870242088624740973e+03
7.175560918936921447e-04 2.908782986425627314e+03
7.275483529196232748e-04 2.947841401828670769e+03
7.376797602527730442e-04 2.987424283931670288e+03
7.479522515621820798e-04 3.027538675143205182e+03
7.583677914997190902e-04 3.068191712435555473e+03
7.689283720758305352e-04 3.109390628614491561e+03
7.796360130405237399e-04 3.151142753606116912e+03
7.904927622696419996e-04 3.193455515760938397e+03
8.015006961565405291e-04 3.236336443175532168e+03
8.126619200091945907e-04 3.279793165031871013e+03
8.239785684528511470e-04 3.323833412954688811e+03
8.354528058382871408e-04 3.368465022387068529e+03
8.470868266557402123e-04 3.413695933984453859e+03
8.588828559546249353e-04 3.459534195027461010e+03
8.708431497690724121e-04 3.505987960853577079e+03
8.829699955494082608e-04 3.553065496308135153e+03
8.952657125996401179e-04 3.600775177214773521e+03
9.077326525210223113e-04 3.649125491865582717e+03
9.203731996618220610e-04 3.698125042531359213e+03
9.331897715733238540e-04 3.747782546992037624e+03
9.461848194721992787e-04 3.798106840087738419e+03
9.593608287093146345e-04 3.849106875290632615e+03
9.727203192450537298e-04 3.900791726297868536e+03
9.862658461312820684e-04 3.953170588645969474e+03
1.000000000000000021e-03 4.006252781346833672e+03
1.013925407558815411e-03 4.058174184838400379e+03
1.028044732093309679e-03 4.110728070372562797e+03
1.042360673976401152e-03 4.163920719712974460e+03
1.056875971184803890e-03 4.217758443267523035e+03
1.071593399822671090e-03 4.272247579392599619e+03
1.086515774652538433e-03 4.327394493673545185e+03
1.101645949633656921e-03 4.383205577856538184e+03
1.116986818467822530e-03 4.439687225250441770e+03
1.132541315152811546e-03 4.496845812109533654e+03
1.148312414543511137e-03 4.554687731497350796e+03
1.164303132920876775e-03 4.613219398454421025e+03
1.180516528568805639e-03 4.672447257743823684e+03
1.196955702359042868e-03 4.732377775549621219e+03
1.213623798344240588e-03 4.793017435706630749e+03
1.230524004359261634e-03 4.854372741706220950e+03
1.247659552630869806e-03 4.916450214992752080e+03
1.265033720395903781e-03 4.979256391377633008e+03
1.282649830528059809e-03 5.042797796412197386e+03
1.300511252173408528e-03 5.107080922185035888e+03
1.318621401394748458e-03 5.172112263459252063e+03
1.336983741824946661e-03 5.237898294606129639e+03
1.355601785329368925e-03 5.304445357025385420e+03
1.374479092677536717e-03 5.371759743255753165e+03
1.393619274224142113e-03 5.439847735841905887e+03
1.413025990599533653e-03 5.508715588118418964e+03
1.432702953409831009e-03 5.578369524497546990e+03
1.452653925946781202e-03 5.648815752868898926e+03
1.472882723907501879e-03 5.720060464373950708e+03
1.493393216124251719e-03 5.792109832888561868e+03
1.514189325304352018e-03 5.864970010853514395e+03
1.535275028780422714e-03 5.938647128337316644e+03
1.556654359271062099e-03 6.013147297865915789e+03
1.578331405652118108e-03 6.088476607455553676e+03
1.600310313738700137e-03 6.164641112907990646e+03
1.622595287078087110e-03 6.241646783479784062e+03
1.645190587753662514e-03 6.319499500768873986e+03
1.668100537200059227e-03 6.398205102474831619e+03
1.691329517029648791e-03 6.477769294428495414e+03
1.714881969870539046e-03 6.558197525405165834e+03
1.738762400216250364e-03 6.639495150716438729e+03
1.762975375287205784e-03 6.721667451250437807e+03
1.787525525904235402e-03 6.804719596297909447e+03
1.812417547374237711e-03 6.888656662112544836e+03
1.837656200388170478e-03 6.973483644319080668e+03
1.863246311931559835e-03 7.059205461643074159e+03
1.889192776207666326e-03 7.145826953153822615e+03
1.915500555573527823e-03 7.233352868077445237e+03
1.942174681489026522e-03 7.321787863589806875e+03
1.969220255479171497e-03 7.411136503949467624e+03
1.996642450109793483e-03 7.501403253753813260e+03
2.024446509976803900e-03 7.592592462589028401e+03
2.052637752709252084e-03 7.684708288328216440e+03
2.081221569986339229e-03 7.777754735032236567e+03
2.110203428568594407e-03 7.871735679583016463e+03
2.139588871343421454e-03 7.966654708279215811e+03
2.169383518385184159e-03 8.062515080783740814e+03
2.199593068030074750e-03 8.159319895655666187e+03
2.230223297965938743e-03 8.257072082286578734e+03
2.261280066337277312e-03 8.355774369442682655e+03
2.292769312865648810e-03 8.455429311178158969e+03
2.324697059985648094e-03 8.556039290126615015e+03
2.357069413996727789e-03 8.657606520500561601e+03
2.389892566231050126e-03 8.760133039452884987e+03
2.423172794237598345e-03 8.863620698156499202e+03
2.456916462982790088e-03 8.968071159313292810e+03
2.491130026067788373e-03 9.073485893061164461e+03
2.525820026962784671e-03 9.179866169293887651e+03
2.560993100258459210e-03 9.287213023400790917e+03
2.596655972934869619e-03 9.395527182070016352e+03
2.632815465648019864e-03 9.504809130589545020e+03
2.669478494034320699e-03 9.615059103939762281e+03
2.706652070033241288e-03 9.726276878594071604e+03
2.744343303228365376e-03 9.838461854164310353e+03
2.782559402207125665e-03 9.951613167800831434e+03
2.821307675939470957e-03 1.006572967050442276e+04
2.860595535175741895e-03 1.018080991233420900e+04
2.900430493863991651e-03 1.029685216135492556e+04
2.940820170587063812e-03 1.041385439948394378e+04
2.981772290019673362e-03 1.053181431552058348e+04
3.023294684405776565e-03 1.065072930058993006e+04
3.065395295056526793e-03 1.077059644502877381e+04
3.108082173869063970e-03 1.089141255598922544e+04
3.151363484866479339e-03 1.101317414346121950e+04
3.195247505759213607e-03 1.113587739756643532e+04
3.239742629528195514e-03 1.125951807131235000e+04
3.284857366030043482e-03 1.138409140499163186e+04
3.330600343624588386e-03 1.150959227504472619e+04
3.376980310825091272e-03 1.163601509545690715e+04
3.424006137971425789e-03 1.176335345943249376e+04
3.471686818926559247e-03 1.189160044865488635e+04
3.520031472796678832e-03 1.202074873909006601e+04
3.569049345675229679e-03 1.215079055609646639e+04
3.618749812411280273e-03 1.228171767882916902e+04
3.669142378402494038e-03 1.241352146159909535e+04
3.720236681413065759e-03 1.254619282892664341e+04
3.772042493416997554e-03 1.267972226998733277e+04
3.824569722466999305e-03 1.281409983183529766e+04
3.877828414589457214e-03 1.294931512258268413e+04
3.931828755705770589e-03 1.308535734040328680e+04
3.986581073580438943e-03 1.322221523921468543e+04
4.042095839796306170e-03 1.335987709367990283e+04
4.098383671757261509e-03 1.349833044969227194e+04
4.155455334718875619e-03 1.363756216520129601e+04
4.213321743847289226e-03 1.377755859229666021e+04
4.271993966306776754e-03 1.391830526302383078e+04
4.331483223376398663e-03 1.405978656902606781e+04
4.391800892596085977e-03 1.420198627884292364e+04
4.452958509942655727e-03 1.434488758976028839e+04
4.514967772036101654e-03 1.448847307150875167e+04
4.577840538376616412e-03 1.463272470033745594e+04
4.641588833612777208e-03 1.477762387378031053e+04
4.706224849841281720e-03 1.492315139564385026e+04
4.771760948938746048e-03 1.506928747282158838e+04
4.838209664925957609e-03 1.521601172056095311e+04
4.905583706365045267e-03 1.536330320399630182e+04
4.973895958790062848e-03 1.551114048992946846e+04
5.043159487171358993e-03 1.565950156179273836e+04
5.113387538414325764e-03 1.580836369020742313e+04
5.184593543892912840e-03 1.595770284510226156e+04
5.256791122018424252e-03 1.610749410055506996e+04
5.329994080844087725e-03 1.625771183857627875e+04
5.404216420705915298e-03 1.640832881175430884e+04
5.479472336900287170e-03 1.655931614103391621e+04
5.555776222398878077e-03 1.671064418635369657e+04
5.633142670601357267e-03 1.686228254722113343e+04
5.711586478126429341e-03 1.701420001002839490e+04
5.791122647641758041e-03 1.716636461799778044e+04
5.871766390733255264e-03 1.731874368307478653e+04
5.953533130814370189e-03 1.747130378138041851e+04
6.036438506075870319e-03 1.762401075809444956e+04
6.120498372476696446e-03 1.777682973593039060e+04
6.205728806776500406e-03 1.792972521491668886e+04
6.292146109610343568e-03 1.808266108602847089e+04
6.379766808606282015e-03 1.823560053518462155e+04
6.468607661546327617e-03 1.838850565282277603e+04
6.558685659571428586e-03 1.854133674661299665e+04
6.650018030431118291e-03 1.869405319982441870e+04
6.742622241778342337e-03 1.884661342524586871e+04
6.836516004510238484e-03 1.899897330417045669e+04
6.931717276155407136e-03 1.915108708029955960e+04
7.028244264308345507e-03 1.930290818008760834e+04
7.126115430111745405e-03 1.945438916621940007e+04
7.225349491787214085e-03 1.960548173456709628e+04
7.325965428215230023e-03 1.975613679400614637e+04
7.427982482564918221e-03 1.990630446866644706e+04
7.531420165974368405e-03 2.005593408078392895e+04
7.636298261282242067e-03 2.020497420016454271e+04
7.742636826811269413e-03 2.035337269932462368e+04
7.850456200204509669e-03 2.050107701945341250e+04
7.959777002314986222e-03 2.064803406382030516e+04
8.070620141149498911e-03 2.079419003958998655e+04
8.183006815867388886e-03 2.093948913361773157e+04
8.296958520834906564e-03 2.108387305682370061e+04
8.412497049736117685e-03 2.122728270728618008e+04
8.529644499741025759e-03 2.136965726501451354e+04
8.648423275731717541e-03 2.151093160288111176e+04
8.768856094587426653e-03 2.165103906850641579e+04
8.890965989529158939e-03 2.178991226991047006e+04
9.014776314524916914e-03 2.192748300189706788e+04
9.140310748756232812e-03 2.206368232548648666e+04
9.267593301146882789e-03 2.219844066992350054e+04
9.396648314954691300e-03 2.233168786772474414e+04
9.527500472427289507e-03 2.246335319203627660e+04
9.660174799522646544e-03 2.259336540133603557e+04
9.794696670695395360e-03 2.272165287532419825e+04
9.931091813749801447e-03 2.284814393189856855e+04
1.006938631476027128e-02 2.297276660454730154e+04
1.020960662306046561e-02 2.309544837797222499e+04
1.035177955630176179e-02 2.321611380843711595e+04
1.049593230558227772e-02 2.333468543417734691e+04
1.064209244064724669e-02 2.345108545784253874e+04
1.079028791516183604e-02 2.356523325209620452e+04
1.094054707205742438e-02 2.367704372237748976e+04
1.109289864895222737e-02 2.378643116367310722e+04
1.124737178364751920e-02 2.389330967735624654e+04
1.140399601970033122e-02 2.399759311745340892e+04
1.156280131207375328e-02 2.409919527905956784e+04
1.172381803286598467e-02 2.419803001722823683e+04
1.188707697711903315e-02 2.429401131292421633e+04
1.205260936870842549e-02 2.438705335660727724e+04
1.222044686631488727e-02 2.447707064210871249e+04
1.239062156947915577e-02 2.456397828863996256e+04
1.256316602474120102e-02 2.464769232521813319e+04
1.273811323186478488e-02 2.472812939351257228e+04
1.291549665014883955e-02 2.480520580250728017e+04
1.309535020482667685e-02 2.487883369620763915e+04
1.327770829355429116e-02 2.494892447366723718e+04
1.346260579298909701e-02 2.501538999054832675e+04
1.365007806546013856e-02 2.507813667353747951e+04
1.384016096573131502e-02 2.513706679870227526e+04
1.403289084785873213e-02 2.519208356902765809e+04
1.422830457214351897e-02 2.524309129493691580e+04
1.442643951218157417e-02 2.528999542825702520e+04
1.462733356201129965e-02 2.533270285893806431e+04
1.483102514336104467e-02 2.537112211779275094e+04
1.503755321299738400e-02 2.540516372445534216e+04
1.524695727017572923e-02 2.543474015641518781e+04
1.545927736419477026e-02 2.545976588017401082e+04
1.567455410205595076e-02 2.548015719153630198e+04
1.589282865622978005e-02 2.549583238602351776e+04
1.611414277253019750e-02 2.550671216586550509e+04
1.633853877809861993e-02 2.551271920665218204e+04
1.656605958949913457e-02 2.551377756099026738e+04
1.679674872092653051e-02 2.550981393995295002e+04
1.703065029252844378e-02 2.550075723909630688e+04
1.726780903884355886e-02 2.548653443784870615e+04
1.750827031735725098e-02 2.546707383479535929e+04
1.775208011717634149e-02 2.544230716646295696e+04
1.799928506782476345e-02 2.541216977833423516e+04
1.824993244816152521e-02 2.537660077661085961e+04
1.850407019542302245e-02 2.533554316551550801e+04
1.876174691439121481e-02 2.528894413844052906e+04
1.902301188668944001e-02 2.523675544176253243e+04
1.928791508020777715e-02 2.517893320333199881e+04
1.955650715865949255e-02 2.511543767345721062e+04
1.982883949127071249e-02 2.504623127949703849e+04
2.010496416260499145e-02 2.497128014824329875e+04
2.038493398252462160e-02 2.489055557969734946e+04
2.066880249629082095e-02 2.480404165290753735e+04
2.095662399480432980e-02 2.471173600076520597e+04
2.124845352498882720e-02 2.461364168130038888e+04
2.154434690031884619e-02 2.450976998870716125e+04
2.184436071149426298e-02 2.440014628651906605e+04
2.214855233726359396e-02 2.428480244748725818e+04
2.245697995539773853e-02 2.416377540601674991e+04
2.276970255381680075e-02 2.403710821369944097e+04
2.308677994187169694e-02 2.390484939854736876e+04
2.340827276178291880e-02 2.376705237192363347e+04
2.373424250023866214e-02 2.362377565991768279e+04
2.406475150015424322e-02 2.347508292850972066e+04
2.439986297259550199e-02 2.332104264265126767e+04
2.473964100886814205e-02 2.316172590310687519e+04
2.508415059277538731e-02 2.299720189069608750e+04
2.543345761304648123e-02 2.282754336167631118e+04
2.578762887593800956e-02 2.265283239861663969e+04
2.614673211801091940e-02 2.247319694390453878e+04
2.651083601908538895e-02 2.228879050405545422e+04
2.688001021537604618e-02 2.209976989369869625e+04
2.725432531281027707e-02 2.190632509673869936e+04
2.763385290053169824e-02 2.170868880617020841e+04
2.801866556459195468e-02 2.150709565219098295e+04
2.840883690183304208e-02 2.130177818701964861e+04
2.880444153396297807e-02 2.109296507995632783e+04
2.920555512182745200e-02 2.088088250978260839e+04
2.961225437988034351e-02 2.066575449286739604e+04
3.002461709085549324e-02 2.044780393345121047e+04
3.044272212064302874e-02 2.022725171079382199e+04
3.086664943337274342e-02 2.000431545898237528e+04
3.129648010670750546e-02 1.977920618784131875e+04
3.173229634734976018e-02 1.955212661974555522e+04
3.217418150676371741e-02 1.932327559803639451e+04
3.262222009711669701e-02 1.909286737419173733e+04
3.307649780744242179e-02 1.886118790352035649e+04
3.353710152002929018e-02 1.862853361936996589e+04
3.400411932703706341e-02 1.839519726391121003e+04
3.447764054734463873e-02 1.816153665886865201e+04
3.495775574363275268e-02 1.792794575437816820e+04
3.544455673970435539e-02 1.769480237107711946e+04
3.593813663804625719e-02 1.746246028735729124e+04
3.643858983763544751e-02 1.723124501915988731e+04
3.694601205199302130e-02 1.700146520044733552e+04
3.746050032748993175e-02 1.677341437892558315e+04
3.798215306190736579e-02 1.654737272185968686e+04
3.851107002325569045e-02 1.632360586022081770e+04
3.904735236885559929e-02 1.610236523330737691e+04
3.959110266468458816e-02 1.588389585937141419e+04
4.014242490499322219e-02 1.566843428824696821e+04
4.070142453219438572e-02 1.545620298035792075e+04
4.126820845702951907e-02 1.524741091825317744e+04
4.184288507901580412e-02 1.504225435211672993e+04
4.242556430717776828e-02 1.484091694533960981e+04
4.301635758106794882e-02 1.464357253910166037e+04
4.361537789208005944e-02 1.445039476552990345e+04
4.422273980505896790e-02 1.426154936313798498e+04
4.483855948021186338e-02 1.407719109314745219e+04
4.546295469532399269e-02 1.389746483193035965e+04
4.609604486828433600e-02 1.372250619834966710e+04
4.673795107992463616e-02 1.355244171636979445e+04
4.738879609717651376e-02 1.338735407542420580e+04
4.804870439655128944e-02 1.322724608483429438e+04
4.871780218794630885e-02 1.307210968330924516e+04
4.939621743878321036e-02 1.292192004187103885e+04
5.008407989848212560e-02 1.277656042991841605e+04
5.078152112327670442e-02 1.263588551053185438e+04
5.148867450137492585e-02 1.249975361288204112e+04
5.220567527846975420e-02 1.236798888360683122e+04
5.293266058360561466e-02 1.224038583235682563e+04
5.366976945540476163e-02 1.211674548399045307e+04
5.441714286865893119e-02 1.199683204401824878e+04
5.517492376129123216e-02 1.188031496549959593e+04
5.594325706169377826e-02 1.176686132189177988e+04
5.672228971644543288e-02 1.165613601699285391e+04
5.751217071841613349e-02 1.154772156228925815e+04
5.831305113526224354e-02 1.144117728492394963e+04
5.912508413831875365e-02 1.133607587465759207e+04
5.994842503189409116e-02 1.123195338997811996e+04
6.078323128297229844e-02 1.112830950050903084e+04
6.162966255132942134e-02 1.102465966164609017e+04
6.248788072006894456e-02 1.092051085220584173e+04
6.335804992658247703e-02 1.081531955223475779e+04
6.424033659394190465e-02 1.070855339614296827e+04
6.513490946272802729e-02 1.059970190041275418e+04
6.604193962330305590e-02 1.048826675037568202e+04
6.696160054853221577e-02 1.037377024655413334e+04
6.789406812696105464e-02 1.025576282066642489e+04
6.883952069645496441e-02 1.013383476468273693e+04
6.979813907830660635e-02 1.000761883945453337e+04
7.077010661181890039e-02 9.876780230343982112e+03
7.175560918936928212e-02 9.741044111045617683e+03
7.275483529196224985e-02 9.600246847864442316e+03
7.376797602527730702e-02 9.454269783559209827e+03
7.479522515621821188e-02 9.303039394124773025e+03
7.583677914997190295e-02 9.146630638695720336e+03
7.689283720758313678e-02 8.985201122442598717e+03
7.796360130405229072e-02 8.818931854742810174e+03
7.904927622696419909e-02 8.648137757123446136e+03
8.015006961565404597e-02 8.473286505019623291e+03
8.126619200091945994e-02 8.294851096132899329e+03
8.239785684528519449e-02 8.113364030373383684e+03
8.354528058382862388e-02 7.929558783627137927e+03
8.470868266557401993e-02 7.744176789206941976e+03
8.588828559546249353e-02 7.557938430240673370e+03
8.708431497690724554e-02 7.371718926096465111e+03
8.829699955494091368e-02 7.186438136813122583e+03
8.952657125996391074e-02 7.002941796594300286e+03
9.077326525210223374e-02 6.822104289390841586e+03
9.203731996618221001e-02 6.644859961702019064e+03
9.331897715733239451e-02 6.472056578286599688e+03
9.461848194722001504e-02 6.304467400768628977e+03
9.593608287093147169e-02 6.142845285115309707e+03
9.727203192450536995e-02 5.987870654376539278e+03
9.862658461312820424e-02 5.840135728443460721e+03
1.000000000000000056e-01 5.700080710462411844e+03
1.013925407558814301e-01 5.568042137741184888e+03
1.028044732093309765e-01 5.444313392048296919e+03
1.042360673976401170e-01 5.329005742927468418e+03
1.056875971184805113e-01 5.221986266888965474e+03
1.071593399822671072e-01 5.123113970460619385e+03
1.086515774652537236e-01 5.032172744402321769e+03
1.101645949633656973e-01 4.948591198682044705e+03
1.116986818467822634e-01 4.871745546091614415e+03
1.132541315152812700e-01 4.801035143482954481e+03
1.148312414543511129e-01 4.735589570291193013e+03
1.164303132920875561e-01 4.674374407248227726e+03
1.180516528568805595e-01 4.616406446901191885e+03
1.196955702359042834e-01 4.560634191221797664e+03
1.213623798344241750e-01 4.505850868509827706e+03
1.230524004359261625e-01 4.450885964028331728e+03
1.247659552630868418e-01 4.394630074968882582e+03
1.265033720395903893e-01 4.336052344436561725e+03
1.282649830528059809e-01 4.274189588536014526e+03
1.300511252173409960e-01 4.208161069480663173e+03
1.318621401394748371e-01 4.137380892477226553e+03
1.336983741824945282e-01 4.061501048700407864e+03
1.355601785329368925e-01 3.980242789792866461e+03
1.374479092677536596e-01 3.893612354065973705e+03
1.393619274224143501e-01 3.802084285779601487e+03
1.413025990599533765e-01 3.706191948305727692e+03
1.432702953409829560e-01 3.606567869252512082e+03
1.452653925946781333e-01 3.504340327093395445e+03
1.472882723907501801e-01 3.400725591336092293e+03
1.493393216124253298e-01 3.296850993544411722e+03
1.514189325304352018e-01 3.194011048437315367e+03
1.535275028780421214e-01 3.093589286475256813e+03
1.556654359271062160e-01 2.996807872556777511e+03
1.578331405652116382e-01 2.904705872041816292e+03
1.600310313738701751e-01 2.818129911133615224e+03
1.622595287078087145e-01 2.737807382592792237e+03
1.645190587753660727e-01 2.664293293702955452e+03
1.668100537200059019e-01 2.597595994271547625e+03
1.691329517029646901e-01 2.537546951552942119e+03
1.714881969870540868e-01 2.483979161571735403e+03
1.738762400216250503e-01 2.436274108710662858e+03
1.762975375287204050e-01 2.393419874787510707e+03
1.787525525904235524e-01 2.354468594055218546e+03
1.812417547374235716e-01 2.318380127314225319e+03
1.837656200388172456e-01 2.283790450480023992e+03
1.863246311931559818e-01 2.249358302642964190e+03
1.889192776207664348e-01 2.213846726939300424e+03
1.915500555573527997e-01 2.176267489435190328e+03
1.942174681489024501e-01 2.135779225414352368e+03
1.969220255479173509e-01 2.091641218716812546e+03
1.996642450109793465e-01 2.043675455972060945e+03
2.024446509976801645e-01 1.992255096386533978e+03
2.052637752709252084e-01 1.937786754298472260e+03
2.081221569986337061e-01 1.880907693626926857e+03
2.110203428568596662e-01 1.822834484251518006e+03
2.139588871343421628e-01 1.764769027860307233e+03
2.169383518385182008e-01 1.707791092033065070e+03
2.199593068030074872e-01 1.652930930575555067e+03
2.230223297965936435e-01 1.601123547470504946e+03
2.261280066337279515e-01 1.553171265494009731e+03
2.292769312865648723e-01 1.509442629515164754e+03
2.324697059985650349e-01 1.469875899255347804e+03
2.357069413996727703e-01 1.434395167766123677e+03
2.389892566231047732e-01 1.402723181631585703e+03
2.423172794237600791e-01 1.373963758918837129e+03
2.456916462982789984e-01 1.347175180214120928e+03
2.491130026067790992e-01 1.321478554493497995e+03
2.525820026962784515e-01 1.295963331893485929e+03
2.560993100258456834e-01 1.269737397181316737e+03
2.596655972934872603e-01 1.241991970952234851e+03
2.632815465648020159e-01 1.212361533586062706e+03
2.669478494034323579e-01 1.181002773147577727e+03
2.706652070033241375e-01 1.148111057280185378e+03
2.744343303228362618e-01 1.114038373452599217e+03
2.782559402207125943e-01 1.079640619663186044e+03
2.821307675939470627e-01 1.045795044358533005e+03
2.860595535175745052e-01 1.013260624096854485e+03
2.900430493863991877e-01 9.825480990661075111e+02
2.940820170587060689e-01 9.540146811727532850e+02
2.981772290019673588e-01 9.279653529118336337e+02
3.023294684405776200e-01 9.043297138949002374e+02
3.065395295056529967e-01 8.825534377785539846e+02
3.108082173869063936e-01 8.620962724651083136e+02
3.151363484866476217e-01 8.424400460861681950e+02
3.195247505759213347e-01 8.230110920604477087e+02
3.239742629528195583e-01 8.032629756784833717e+02
3.284857366030046744e-01 7.827401283442782187e+02
3.330600343624588455e-01 7.614706592280361974e+02
3.376980310825087872e-01 7.397660457681176922e+02
3.424006137971425390e-01 7.179179354074925641e+02
3.471686818926559281e-01 6.962761511764515490e+02
3.520031472796682492e-01 6.752890247554151983e+02
3.569049345675229801e-01 6.553641059163729778e+02
3.618749812411276578e-01 6.367742526702795658e+02
3.669142378402494020e-01 6.193903119898297973e+02
3.720236681413066071e-01 6.029949268677999044e+02
3.772042493417001596e-01 5.873850844846773498e+02
3.824569722466998889e-01 5.722921462402827046e+02
3.877828414589453154e-01 5.574127095870014728e+02
3.931828755705770173e-01 5.424738808722881913e+02
3.986581073580438561e-01 5.273726901545072678e+02
4.042095839796310264e-01 5.122693978911859176e+02
4.098383671757261371e-01 4.973348307846223406e+02
4.155455334718871074e-01 4.827216784875752182e+02
4.213321743847289191e-01 4.685654706038252471e+02
4.271993966306776858e-01 4.549854386802014119e+02
4.331483223376402791e-01 4.420770963223880585e+02
4.391800892596086081e-01 4.297841211594521269e+02
4.452958509942651077e-01 4.179439333636976812e+02
4.514967772036102001e-01 4.064071567819711390e+02
4.577840538376616308e-01 3.950715485233660615e+02
4.641588833612781961e-01 3.839091086290148382e+02
4.706224849841281754e-01 3.729024820893146170e+02
4.771760948938740809e-01 3.620490793083362746e+02
4.838209664925957054e-01 3.514165055733543568e+02
4.905583706365045371e-01 3.410883946967560405e+02
4.973895958790067739e-01 3.311352122778135367e+02
5.043159487171359201e-01 3.215607340526501048e+02
5.113387538414321254e-01 3.123164121962630588e+02
5.184593543892912493e-01 3.033563785075544956e+02
5.256791122018419360e-01 2.946406576516882865e+02
5.329994080844093762e-01 2.861366071488834564e+02
5.404216420705915125e-01 2.778152591686255732e+02
5.479472336900281793e-01 2.696568215640523931e+02
5.555776222398878250e-01 2.616822805358691539e+02
5.633142670601352098e-01 2.539248228427574929e+02
5.711586478126434718e-01 2.464124433575406670e+02
5.791122647641758769e-01 2.391473484093465913e+02
5.871766390733249574e-01 2.321093573390579365e+02
5.953533130814370189e-01 2.252790453932717014e+02
6.036438506075864074e-01 2.186394745783547933e+02
6.120498372476702587e-01 2.121772134255135143e+02
6.205728806776500406e-01 2.058802651279466716e+02
6.292146109610337046e-01 1.997394574257823479e+02
6.379766808606281980e-01 1.937591666473105931e+02
6.468607661546320609e-01 1.879484279282428361e+02
6.558685659571434901e-01 1.823145285356004024e+02
6.650018030431118499e-01 1.768546139238665091e+02
6.742622241778335468e-01 1.715561048261447468e+02
6.836516004510237998e-01 1.664069594048883403e+02
6.931717276155400231e-01 1.613983241447550654e+02
7.028244264308353140e-01 1.565281026174411636e+02
7.126115430111745752e-01 1.517951638315461196e+02
7.225349491787206313e-01 1.471980707297531126e+02
7.325965428215229780e-01 1.427344018299638435e+02
7.427982482564911004e-01 1.384012870711111134e+02
7.531420165974375136e-01 1.341958186876441630e+02
7.636298261282241651e-01 1.301140084353888255e+02
7.742636826811277739e-01 1.261507023782210410e+02
7.850456200204509738e-01 1.223009640464883745e+02
7.959777002314977201e-01 1.185607304980472065e+02
8.070620141149507099e-01 1.149279763830795815e+02
8.183006815867389649e-01 1.114010010336209717e+02
8.296958520834915030e-01 1.079779409042268981e+02
8.412497049736118448e-01 1.046560565940146432e+02
8.529644499741017016e-01 1.014322230486907159e+02
8.648423275731726978e-01 9.830342274177677098e+01
8.768856094587426098e-01 9.526685769643967205e+01
8.890965989529167057e-01 9.231996978228514195e+01
9.014776314524917122e-01 8.946027678922392568e+01
9.140310748756222958e-01 8.668536388450473851e+01
9.267593301146883622e-01 8.399289457040602258e+01
9.396648314954690884e-01 8.138059317510065682e+01
9.527500472427299361e-01 7.884623604802982300e+01
9.660174799522646127e-01 7.638761969103909166e+01
9.794696670695385299e-01 7.400257789528681940e+01
9.931091813749800545e-01 7.168900343957501775e+01
1.006938631476027135e+00 6.944485611831296978e+01
1.020960662306047650e+00 6.726816465919721111e+01
1.035177955630176339e+00 6.515701072961876150e+01
1.049593230558226731e+00 6.310952630034235966e+01
1.064209244064724613e+00 6.112389210090558578e+01
1.079028791516183583e+00 5.919833691661172281e+01
1.094054707205743604e+00 5.733113656747968179e+01
1.109289864895222744e+00 5.552061247515077724e+01
1.124737178364750845e+00 5.376513072837853713e+01
1.140399601970033094e+00 5.206310126439090169e+01
1.156280131207375383e+00 5.041297696055045918e+01
1.172381803286599800e+00 4.881325267543882518e+01
1.188707697711903322e+00 4.726246398343231903e+01
1.205260936870841348e+00 4.575918607649627745e+01
1.222044686631488686e+00 4.430203252032855232e+01
1.239062156947915661e+00 4.288965461079683195e+01
1.256316602474121469e+00 4.152074057953396391e+01
1.273811323186478495e+00 4.019401501551715228e+01
1.291549665014882775e+00 3.890823782498327432e+01
1.309535020482667678e+00 3.766220305371583521e+01
1.327770829355429116e+00 3.645473765712122116e+01
1.346260579298911075e+00 3.528470039688420457e+01
1.365007806546013835e+00 3.415098172291711620e+01
1.384016096573130072e+00 3.305250297493417122e+01
1.403289084785873220e+00 3.198821530000753555e+01
1.422830457214351974e+00 3.095709917942679468e+01
1.442643951218158804e+00 2.995816380573068827e+01
1.462733356201129986e+00 2.899044642944028638e+01
1.483102514336102962e+00 2.805301159992577809e+01
1.503755321299738323e+00 2.714495036510371051e+01
1.524695727017572944e+00 2.626537955852851169e+01
1.545927736419478560e+00 2.541344110640283560e+01
1.567455410205595090e+00 2.458830140041694889e+01
1.589282865622976271e+00 2.378915063908165095e+01
1.611414277253019778e+00 2.301520211837962293e+01
1.633853877809860355e+00 2.226569169015213845e+01
1.656605958949915136e+00 2.153987718864710743e+01
1.679674872092653093e+00 2.083703766405142233e+01
1.703065029252842644e+00 2.015647284877892531e+01
1.726780903884356011e+00 1.949750278197894460e+01
1.750827031735723294e+00 1.885946722533386577e+01
1.775208011717636092e+00 1.824172507758343187e+01
1.799928506782476401e+00 1.764365394295278833e+01
1.824993244816150550e+00 1.706464963585633399e+01
1.850407019542302134e+00 1.650412569318597633e+01
1.876174691439119524e+00 1.596151287612140557e+01
1.902301188668945819e+00 1.543625868756104147e+01
1.928791508020777812e+00 1.492782688698977012e+01
1.955650715865947076e+00 1.443569704208076665e+01
1.982883949127071332e+00 1.395936411437790170e+01
2.010496416260497021e+00 1.349833803620645867e+01
2.038493398252464228e+00 1.305214329950156227e+01
2.066880249629082122e+00 1.262031853677829574e+01
2.095662399480430871e+00 1.220241611270039783e+01
2.124845352498883067e+00 1.179800167732234861e+01
2.154434690031882038e+00 1.140665383861517412e+01
2.184436071149428393e+00 1.102796382983503420e+01
2.214855233726359174e+00 1.066153511696828460e+01
2.245697995539771785e+00 1.030698305034405315e+01
2.276970255381680186e+00 9.963934568416361159e+00
2.308677994187167126e+00 9.632027871325687940e+00
2.340827276178294447e+00 9.310912102627845854e+00
2.373424250023866033e+00 9.000247028719488895e+00
2.406475150015421782e+00 8.699702732860194132e+00
2.439986297259550074e+00 8.408959324504795774e+00
2.473964100886811845e+00 8.127706645259195284e+00
2.508415059277541381e+00 7.855643982891471921e+00
2.543345761304648178e+00 7.592479784237429641e+00
2.578762887593803566e+00 7.337931387316905862e+00
2.614673211801092023e+00 7.091724780508217307e+00
2.651083601908536203e+00 6.853594328759827548e+00
2.688001021537607560e+00 6.623282479518790566e+00
2.725432531281027693e+00 6.400539592880864603e+00
2.763385290053172572e+00 6.185123723711335231e+00
2.801866556459195134e+00 5.976800378409565795e+00
2.840883690183301002e+00 5.775342304923631431e+00
2.880444153396297668e+00 5.580529289657816250e+00
2.920555512182744895e+00 5.392147951749427293e+00
2.961225437988037612e+00 5.209991540873967431e+00
3.002461709085549213e+00 5.033859735559580884e+00
3.044272212064299765e+00 4.863558450262559063e+00
3.086664943337274369e+00 4.698899646739230995e+00
3.129648010670750491e+00 4.539701156238829860e+00
3.173229634734979321e+00 4.385786504435940536e+00
3.217418150676371713e+00 4.236984739458896421e+00
3.262222009711666537e+00 4.093130266485546009e+00
3.307649780744242651e+00 3.954062687028766288e+00
3.353710152002928879e+00 3.819626626862919760e+00
3.400411932703709450e+00 3.689671577399084246e+00
3.447764054734464345e+00 3.564051773055721739e+00
3.495775574363271687e+00 3.442626046688387120e+00
3.544455673970435594e+00 3.325257680867228949e+00
3.593813663804625858e+00 3.211814282625908845e+00
3.643858983763548220e+00 3.102167655182457295e+00
3.694601205199302463e+00 2.996193672075461834e+00
3.746050032748989178e+00 2.893772151478384735e+00
3.798215306190736218e+00 2.794786733330242523e+00
3.851107002325568907e+00 2.699124761588547639e+00
3.904735236885564120e+00 2.606677170138215427e+00
3.959110266468458761e+00 2.517338373055981293e+00
4.014242490499317917e+00 2.431006156814219388e+00
4.070142453219438572e+00 2.347581573964728996e+00
4.126820845702951601e+00 2.266968844586200404e+00
4.184288507901584353e+00 2.189075258759430209e+00
4.242556430717777438e+00 2.113811075333085654e+00
4.301635758106790774e+00 2.041089432001116144e+00
4.361537789208005833e+00 1.970826261201167329e+00
4.422273980505896596e+00 1.902940201819973032e+00
4.483855948021190585e+00 1.837352513639337825e+00
4.546295469532399380e+00 1.773986998143666005e+00
4.609604486828429160e+00 1.712769919244116146e+00
4.673795107992464004e+00 1.653629925695514924e+00
4.738879609717651320e+00 1.596497976757371484e+00
4.804870439655133829e+00 1.541307269873333663e+00
4.871780218794630635e+00 1.487993170620696803e+00
4.939621743878315208e+00 1.436493144377079645e+00
5.008407989848212338e+00 1.386746689831919843e+00
5.078152112327670942e+00 1.338695273578412559e+00
5.148867450137498025e+00 1.292282266647704958e+00
5.220567527846974976e+00 1.247452886893876123e+00
5.293266058360555526e+00 1.204154138677779207e+00
5.366976945540476329e+00 1.162334745430712468e+00
5.441714286865887651e+00 1.121945104773279356e+00
5.517492376129128573e+00 1.082937240445426497e+00
5.594325706169377632e+00 1.045264747467257616e+00
5.672228971644537765e+00 1.008882742436562729e+00
5.751217071841614015e+00 9.737478179830332259e-01
5.831305113526219053e+00 9.398179962684605204e-01
5.912508413831881526e+00 9.070526840004279334e-01
5.994842503189408589e+00 8.754126264212234165e-01
6.078323128297223654e+00 8.448598639277207223e-01
6.162966255132942273e+00 8.153576898206310597e-01
6.248788072006887795e+00 7.868706104546634439e-01
6.335804992658253809e+00 7.593643064718074154e-01
6.424033659394190465e+00 7.328055951503673615e-01
6.513490946272796123e+00 7.071623936777283737e-01
6.604193962330305645e+00 6.824036833125671775e-01
6.696160054853215193e+00 6.584994752042908628e-01
6.789406812696112681e+00 6.354207774586829727e-01
6.883952069645496330e+00 6.131395621383499694e-01
6.979813907830652475e+00 5.916287338917088912e-01
7.077010661181889262e+00 5.708620999292515208e-01
7.175560918936921162e+00 5.508143404854831671e-01
7.275483529196232979e+00 5.314609802482673784e-01
7.376797602527730646e+00 5.127783606106742775e-01
7.479522515621813028e+00 4.947436130334046944e-01
7.583677914997190683e+00 4.773346335772617466e-01
7.689283720758305130e+00 4.605300580748515338e-01
7.796360130405236788e+00 4.443092381903286370e-01
7.904927622696420464e+00 4.286522176371939663e-01
8.015006961565413590e+00 4.135397093037042060e-01
8.126619200091946382e+00 3.989530723226922260e-01
8.239785684528511567e+00 3.848742915367234785e-01
8.354528058382872047e+00 3.712859575281584057e-01
8.470868266557403103e+00 3.581712442976019983e-01
8.588828559546257679e+00 3.455138895902690743e-01
8.708431497690723333e+00 3.332981796355046766e-01
8.829699955494083596e+00 3.215089309286128239e-01
8.952657125996401177e+00 3.101314719283647658e-01
9.077326525210223096e+00 2.991516271029445728e-01
9.203731996618230937e+00 2.885557007587375988e-01
9.331897715733239451e+00 2.783304612300167569e-01
9.461848194721993011e+00 2.684631253949565921e-01
9.593608287093147169e+00 2.589413436817434855e-01
9.727203192450536662e+00 2.497531856448237941e-01
9.862658461312831193e+00 2.408871260113666646e-01
1.000000000000000000e+01 2.323320311819696560e-01
